44919 
746403 
112506 
168715 
144884 
71597 
31386 
89464 
81621 
168713 
170535 
1003248 
68396 
522299 
40543 
620205 
74994 
915727 
101688 
518544 
109339 
910765 
170158 
736827 
34884 
944744 
42781 
988563 
108257 
992976 
129295 
586919 
51713 
1041789 
120298 
434565 
115879 
34883 
37163 
102743 
119175 
107144 
42850 
170980 
170979 
105061 
486164 
687841 
499982 
3845847 
4212785 
1927972 
2395195 
2344357 
3499628 
2443709 
2245440 
144311 
2933417 
34283 
3424827 
45468 
5417531 
79943 
3179232 
436586 
994703 
341395 
284145 
229939 
359476 
219995 
366253 
1655716 
1143243 
4519540 
3896131 
4017749 
3355468 
1217719 
2887834 
3941378 
3106838 
176364 
2197891 
4066291 
3404016 
3723307 
2789023 
1609463 
1606878 
1122626 
91787 
1900386 
38267 
1065692 
109345 
99536 
112582 
58316 
77229 
439508 
149414 
53960 
67228 
170219 
143873 
170218 
101691 
125906 
32652 
77230 
59422 
3893518 
1558602 
2196617 
3233245 
3352119 
3498571 
3943657 
2541350 
2591878 
1219212 
3968451 
2786746 
3991264 
3771427 
1211379 
1658683 
3870286 
3819109 
1192092 
3253217 
1706254 
2583420 
2123340 
3501903 
3673377 
3526466 
4138889 
3206570 
3106138 
2371944 
2443561 
2934592 
4164544 
3085518 
4017384 
1856385 
1928882 
3082232 
3993480 
1780412 
3009671 
1205994 
2050402 
1195170 
3871798 
2223105 
1166465 
2790975 
3915970 
3206892 
1216629 
3599058 
2444487 
4165119 
2101467 
3771003 
882215 
79506 
522874 
80630 
1126903 
108310 
983252 
81766 
3080396 
123703 
2146549 
59465 
1075583 
34947 
36088 
2121822 
145023 
3719452 
112616 
4038607 
106157 
123702 
171022 
47279 
408293 
2466122 
499954 
2127150 
607267 
275763 
287442 
429944 
46598 
3056189 
2810566 
5342423 
3203725 
3375489 
2982434 
1130517 
1130694 
2764267 
2148792 
4190476 
3919227 
3919469 
2321528 
1705713 
1150160 
3867036 
3846178 
2393400 
3376866 
4240598 
1876756 
2346838 
4188289 
2295513 
1160153 
2099484 
4204992 
1221937 
1178082 
2225618 
2122736 
1197137 
2002498 
4064309 
1189543 
2690465 
2912399 
1458700 
4190804 
1186128 
1141128 
1165580 
2520368 
3134990 
79505 
129342 
139511 
73955 
143907 
1056204 
141712 
519924 
120315 
959200 
63925 
770322 
99556 
1007985 
87331 
170536 
41683 
103907 
117001 
170538 
404163 
34911 
152717 
3547348 
36055 
2392395 
4186168 
95227 
148291 
114764 
170537 
107172 
1017533 
390048 
4063436 
105477 
3522955 
752541 
299337 
314447 
275827 
3768793 
2122046 
4364970 
1133458 
2196270 
128143 
707514 
31482 
2957576 
50656 
862641 
130438 
3547352 
134991 
2589250 
170173 
789975 
170174 
586862 
142793 
814223 
170176 
877357 
170178 
751096 
43945 
693140 
170172 
113662 
132661 
52857 
105012 
152691 
96255 
65070 
170177 
170175 
141742 
91836 
55108 
137237 
114797 
117029 
86263 
84018 
171082 
94105 
40595 
128190 
583687 
712586 
44000 
1075127 
41712 
4063063 
50658 
3596471 
55109 
125959 
146151 
138383 
145026 
140616 
171096 
63970 
67279 
94106 
403360 
810721 
366929 
176770 
121853 
2540150 
411575 
901474 
69540 
3449128 
650559 
367321 
349909 
218404 
280883 
5088732 
1125693 
4161544 
707308 
1851049 
5455553 
171098 
108314 
82918 
138382 
145025 
143913 
72811 
171097 
109394 
80636 
1109088 
60536 
2957566 
142746 
988516 
98431 
515952 
34847 
80649 
76071 
49437 
112629 
86165 
65030 
59374 
169454 
475449 
931342 
312900 
438170 
184559 
500855 
283733 
282638 
117474 
4495010 
2884607 
2417257 
3473779 
88380 
74954 
44007 
108213 
81775 
45073 
90616 
109405 
67181 
169453 
52819 
38236 
973758 
139478 
702822 
94068 
3276999 
150501 
3228108 
61697 
838263 
132678 
92946 
3768489 
170449 
136107 
102783 
116998 
170450 
45027 
170447 
170448 
118100 
48387 
421380 
4627166 
158665 
1129428 
3080706 
3744121 
1057553 
277514 
216672 
353220 
248551 
311107 
97367 
116997 
120311 
1037007 
107130 
600901 
169824 
38251 
104988 
119163 
169823 
50586 
152671 
37149 
129278 
48344 
413150 
3867044 
76579 
1132090 
5332849 
1081503 
277511 
265689 
366738 
79439 
97332 
47214 
136059 
149393 
56059 
106100 
654257 
65035 
1826451 
499545 
3230468 
1729212 
2641101 
848311 
109304 
1089930 
74961 
683238 
97321 
169537 
65036 
127001 
2859536 
88386 
3178844 
73864 
169539 
98435 
169538 
141659 
422188 
2097410 
131949 
3031384 
796456 
219925 
354841 
300878 
198386 
3817948 
4787899 
51680 
58286 
51681 
142755 
55023 
3231794 
2665832 
4240360 
4138988 
2004311 
1163528 
2518761 
1155574 
1142483 
2569881 
2052459 
2250116 
3770095 
1803994 
3965625 
2396529 
2690486 
1929426 
2147332 
1208103 
3109720 
2811386 
3501587 
2190568 
3010220 
2885368 
3083120 
1203807 
2911506 
3551987 
3058594 
1954455 
2864923 
3232164 
3966129 
3157302 
1880550 
2417744 
1585090 
3697386 
1202504 
2296047 
3769970 
3229011 
3597765 
2050321 
2075039 
1979399 
3720367 
3917345 
3156135 
2887106 
3451923 
3869739 
2517991 
1954437 
4090488 
2075232 
2275423 
3376481 
4064525 
2394649 
1731005 
2986359 
3868284 
3601087 
2887535 
2346484 
1778855 
4066772 
3303288 
1190881 
3499671 
2962123 
2397979 
1806914 
1203966 
3379307 
3500749 
1186067 
3402137 
2762251 
3206732 
3745675 
4018659 
1830385 
1606804 
3674306 
2220961 
1217192 
3474987 
1194668 
3699297 
3871879 
1212401 
2442727 
3673436 
3206266 
3453180 
3916926 
2078052 
1585207 
3748079 
3869274 
1828850 
3819054 
3499152 
2247590 
3303382 
3084505 
1754458 
1210841 
1782131 
3624466 
2715490 
1633607 
1198565 
722239 
92933 
741315 
134946 
521064 
170258 
964262 
98471 
2146620 
170257 
3228052 
476347 
3670259 
55058 
1579778 
122529 
2121784 
50612 
138328 
170259 
2196644 
79922 
994791 
194951 
255376 
1653968 
3080615 
4816208 
1678598 
98472 
170256 
406625 
2023624 
45548 
2367826 
2982392 
516892 
4881971 
660152 
311369 
177019 
371442 
65075 
133755 
65076 
34894 
111488 
108265 
877468 
114790 
2146425 
89589 
673376 
149459 
1126593 
88874 
3105231 
72126 
5220049 
476412 
1131655 
825309 
290884 
201879 
3522477 
73950 
145015 
87352 
40584 
170922 
97404 
51754 
101730 
67267 
71724 
113707 
76163 
120338 
33821 
65121 
170921 
113706 
120337 
63960 
170923 
760772 
107170 
1125700 
112592 
1727718 
42821 
1041541 
80599 
3596610 
137205 
687926 
32677 
87329 
121392 
32676 
144984 
400036 
835146 
322802 
97794 
2564949 
4161505 
157889 
548425 
422506 
5060764 
4985422 
297565 
125924 
68414 
52877 
51735 
59436 
101708 
72758 
170489 
415560 
712412 
50623 
746384 
120313 
934737 
170512 
1017711 
170513 
3719412 
72761 
1555181 
97371 
3473442 
114762 
891475 
143881 
930188 
85114 
121393 
78372 
123677 
170511 
81735 
75020 
1702841 
471653 
1925256 
62146 
902734 
326178 
2712339 
4365726 
1876036 
2662880 
2982418 
1555090 
811121 
43966 
46153 
468038 
134960 
447086 
687727 
123706 
4364287 
1081458 
309033 
875959 
196824 
1677976 
2023529 
2121997 
3326257 
498437 
3302600 
3664424 
1460728 
1655100 
4039622 
1634384 
2863892 
1557364 
806165 
3467431 
3453600 
1165046 
1178703 
3523618 
4188847 
2903179 
3576900 
1830127 
2632216 
5051333 
3713348 
3304132 
3934145 
733695 
702732 
39358 
2884258 
114674 
3842201 
100536 
2392530 
67141 
1099525 
79376 
804790 
132587 
707568 
168781 
168782 
79375 
82780 
64977 
55999 
98390 
97266 
487013 
713746 
188456 
244632 
682199 
317433 
64406 
5004216 
3080824 
4235838 
191814 
312778 
72662 
97265 
44921 
88328 
601083 
67121 
61567 
80478 
115777 
168526 
131411 
77131 
44910 
99441 
438575 
151487 
168525 
90562 
91693 
57138 
68302 
115778 
128056 
41572 
663997 
32674 
939797 
147204 
915525 
101706 
954261 
53975 
712249 
120312 
765640 
55072 
136110 
133770 
99554 
428854 
2957500 
107167 
1653802 
481050 
1129360 
3375255 
1826819 
1998981 
1126442 
1653769 
1033183 
216909 
652905 
350141 
275390 
141093 
4532765 
34347 
311382 
178673 
435711 
296193 
185285 
1604741 
4014063 
75018 
170464 
132679 
121390 
103905 
170463 
48388 
170465 
658987 
405758 
1131881 
88879 
4476331 
2835015 
1129584 
3326477 
955845 
475081 
205088 
326332 
257240 
231583 
2319345 
4087498 
3522652 
1037086 
47169 
1065528 
152632 
1094672 
78296 
102681 
41611 
169187 
83915 
118031 
125841 
147129 
71626 
51654 
169186 
32583 
169185 
111422 
68340 
121309 
79492 
36077 
2785662 
1124288 
780309 
39400 
582059 
487871 
542094 
338334 
216874 
307382 
779030 
143830 
3301501 
449443 
545784 
306090 
366264 
69959 
5427088 
1949729 
2909039 
366263 
261905 
1011172 
359326 
1129447 
1653898 
1065754 
1130731 
3129689 
2392780 
1875886 
3572002 
1727789 
1678065 
2638363 
5229470 
939954 
53364 
3497984 
453452 
1130035 
693092 
486277 
4523310 
2834681 
830086 
225165 
962938 
205208 
716999 
398237 
867809 
402441 
910780 
110429 
1130356 
3743810 
4185945 
825207 
348356 
871215 
277028 
285995 
427637 
228445 
193561 
854459 
94511 
4364065 
63251 
3080943 
443310 
1126187 
2368415 
2294452 
3007012 
1777188 
45472 
191797 
398602 
311097 
4683586 
2957971 
518484 
853043 
1007824 
116945 
2957464 
78316 
90624 
82838 
169604 
110412 
150452 
52830 
152655 
77193 
43915 
51686 
104974 
96231 
59385 
169603 
80543 
728437 
629800 
48375 
1099374 
132669 
1090037 
72747 
516321 
171033 
171032 
2220586 
39488 
2712002 
390119 
2122207 
102102 
3646335 
547314 
364963 
186668 
221560 
179972 
4693233 
1131016 
1555286 
2220574 
101697 
1125409 
50618 
170326 
171034 
32661 
77242 
82868 
170325 
171031 
131562 
130402 
48415 
95255 
129305 
43953 
103896 
46137 
70648 
73956 
120348 
47235 
56124 
125911 
111494 
92984 
442799 
5398690 
999541 
1900431 
1032198 
139398 
2416975 
158808 
2072763 
67155 
697530 
128181 
1727631 
40478 
988366 
169016 
1124937 
96310 
475421 
2614135 
498807 
611993 
304453 
257220 
344858 
277542 
243389 
223350 
297222 
720961 
270817 
2323519 
1199163 
1928933 
3968780 
3302832 
1140972 
2786934 
2666360 
2884673 
1217349 
1175993 
2074378 
4299397 
5088736 
2417332 
4187028 
3379179 
1976924 
3182234 
3203855 
3377213 
2935594 
1166553 
1583905 
1202019 
2025451 
3330119 
2736603 
2569897 
2814730 
2017332 
3626380 
3107342 
72679 
70541 
149340 
85023 
71615 
149339 
82842 
519522 
441941 
130334 
74925 
109267 
109268 
42714 
70542 
34826 
124704 
964015 
147196 
833888 
55065 
3301547 
45012 
2810229 
420528 
1072026 
43273 
4617659 
106555 
2417369 
54408 
2392774 
203348 
280736 
219926 
3768400 
170331 
3228126 
127046 
518107 
89550 
896377 
151587 
148277 
73910 
52862 
133760 
150489 
87319 
43954 
65082 
85102 
127045 
79475 
84396 
801405 
104316 
4731491 
426321 
791355 
371387 
878585 
252077 
216717 
47707 
4750031 
488255 
2638441 
2270008 
74991 
586652 
140559 
125895 
121364 
150475 
63904 
32644 
108253 
354990 
193083 
706382 
204663 
827681 
834933 
437847 
1703043 
85084 
2392383 
610583 
5474115 
238307 
334922 
439470 
791389 
132011 
4976105 
145482 
3646004 
86224 
692741 
431300 
823839 
137175 
4112295 
4674097 
1122810 
818860 
664128 
403227 
867696 
39373 
2687404 
963914 
403320 
2589503 
388737 
815529 
262394 
1006687 
200228 
5351811 
2417052 
2097112 
2319028 
2073048 
92314 
369965 
817876 
444798 
226809 
974034 
103833 
2834708 
403314 
4087454 
4038874 
979986 
225091 
326360 
368096 
420835 
280943 
368095 
262401 
771950 
208423 
48331 
717153 
409894 
3449163 
3276996 
5088774 
274105 
257122 
547097 
208413 
365339 
111449 
3547399 
428003 
731847 
4731386 
3989635 
2146373 
4136892 
2392822 
248446 
245096 
230160 
839750 
37662 
4627099 
476398 
925095 
1727422 
2023467 
2982272 
109873 
1032169 
146629 
359273 
982338 
229544 
422507 
4646071 
498619 
4090395 
2172719 
1148937 
3573590 
1728671 
3773710 
3891215 
51070 
2589476 
499889 
3867751 
498620 
3934496 
3894886 
3649221 
2443407 
4754840 
3075019 
1853591 
4721724 
141749 
3473634 
430557 
2810318 
1022099 
542812 
311238 
369442 
545292 
56572 
1130057 
144321 
5041766 
2023196 
444414 
819125 
949442 
1027433 
169779 
712305 
407370 
4957320 
127012 
2884549 
3031210 
708849 
262338 
241664 
341429 
312779 
1678167 
1974720 
425855 
1081848 
363037 
1110741 
221449 
542813 
59453 
1678417 
451081 
524080 
1802127 
499914 
1697480 
4137587 
2098854 
1208311 
2273573 
3675537 
3967400 
1151607 
2779855 
1149223 
4068296 
1993481 
1213604 
1903933 
3598230 
2338047 
1148423 
2885370 
2544086 
849736 
441654 
3694461 
3664913 
1557809 
1209584 
3566529 
3551916 
2958476 
2027030 
4229448 
4212433 
1555322 
3794737 
1464341 
2681985 
3108398 
2765649 
517068 
636490 
4363183 
198621 
542814 
463549 
1048107 
236333 
236334 
145386 
5182624 
791937 
319726 
169523 
1128980 
421325 
2490417 
2269957 
1998817 
3572041 
3793240 
3326307 
3915792 
654056 
142754 
815680 
188377 
365587 
108220 
4835133 
457952 
1703102 
3399901 
1580048 
3743667 
3719283 
5088657 
236659 
304562 
304563 
333221 
369441 
366732 
369443 
697536 
668556 
1018888 
3844645 
3794921 
1558113 
1465315 
2762810 
1556359 
3425623 
2271913 
4205359 
3155912 
3836326 
2297004 
2568846 
3524407 
2141048 
1976135 
204580 
873896 
211622 
2884547 
805969 
248558 
351536 
334821 
3500339 
2027003 
872555 
486211 
620486 
2885814 
1753261 
4015466 
2151554 
2641065 
3574527 
238420 
318096 
583246 
321249 
400089 
4364298 
96748 
1826634 
3375430 
516425 
61732 
3473268 
2465686 
829094 
109388 
324647 
216724 
635957 
262505 
1064611 
265853 
125292 
5474161 
784980 
489134 
3104910 
1128173 
4235662 
930316 
2638423 
2932998 
1130296 
1128566 
233383 
368097 
1127859 
2368224 
4087431 
2589548 
988157 
3154397 
1129842 
4853730 
520124 
998124 
920654 
486116 
280986 
545440 
191796 
302704 
170308 
4087552 
144971 
954380 
391849 
1075603 
65079 
3350756 
848275 
852928 
517574 
2171360 
68876 
3817817 
1555439 
4580182 
3670633 
523565 
2957570 
2343215 
3768440 
1061104 
1104418 
707667 
1678069 
366555 
253704 
793797 
499110 
4165064 
5408181 
466742 
1727791 
100051 
3842592 
1122991 
523959 
408998 
984664 
336672 
272713 
4089208 
5272912 
1781774 
2190155 
1202782 
4088468 
265682 
366554 
655615 
122956 
727266 
425417 
1094855 
100658 
5483620 
104373 
4112250 
441136 
3179267 
1052628 
190141 
926763 
292582 
367499 
393571 
2662816 
881770 
208543 
341463 
367498 
356627 
1017332 
2416840 
1580112 
3522480 
3645753 
486121 
5398719 
480242 
1128701 
3056350 
3547147 
4062969 
321087 
353107 
371386 
371388 
331659 
1105506 
168875 
1041745 
451801 
417972 
4589429 
4235278 
2982332 
721853 
2196397 
3890811 
4087835 
323054 
699070 
272551 
328106 
52836 
1131690 
462345 
4740814 
3055821 
1122041 
935113 
1851438 
3080592 
3964730 
721899 
519357 
228360 
277580 
356768 
223509 
218560 
176940 
769300 
339872 
611921 
466443 
1125731 
124795 
3793086 
775544 
2121942 
610506 
5116920 
175193 
595077 
769306 
253204 
182889 
191348 
745226 
354461 
1056408 
122561 
3301674 
72796 
3350782 
121419 
2465772 
85133 
2097196 
79493 
2343355 
40583 
629714 
463229 
3056228 
44375 
2736847 
42093 
1949942 
134278 
1130890 
4466930 
3646316 
1033402 
445599 
416338 
3080420 
59456 
88452 
61724 
43989 
92974 
170902 
123698 
45052 
146141 
1085126 
424600 
90695 
516591 
397634 
1123838 
4750004 
698998 
315676 
827700 
244589 
191941 
2711731 
2957807 
3890975 
175069 
366158 
366157 
214965 
295882 
344789 
277492 
322845 
170903 
170901 
170904 
56114 
65118 
998050 
118058 
2637996 
37137 
4185980 
122492 
3448765 
487891 
5126357 
83338 
796438 
389521 
188388 
346443 
365730 
130838 
2761292 
3596891 
147166 
130358 
42754 
133715 
36011 
169632 
143844 
149383 
113629 
76082 
122491 
66145 
111452 
150453 
121346 
707491 
55033 
973907 
138294 
964164 
169625 
1579828 
129270 
915872 
169626 
2711867 
431240 
3178836 
98441 
3645773 
86173 
3645764 
48334 
673616 
46098 
692848 
69490 
746454 
99504 
67193 
47205 
136046 
50570 
169627 
104975 
146066 
68864 
2023290 
621782 
250221 
178360 
344754 
464421 
1132500 
3768973 
4806695 
3179242 
4570578 
41082 
2663009 
3646203 
3940247 
3965092 
635934 
282066 
798644 
204629 
355159 
728224 
185247 
233423 
57772 
605526 
400078 
949799 
2834659 
2417174 
474111 
4806549 
359262 
604638 
351103 
786393 
370548 
251555 
774090 
465547 
4087650 
60512 
731925 
3007049 
5032246 
1133021 
3228394 
178614 
542049 
440725 
4161559 
130913 
804512 
488986 
2245039 
819301 
4693112 
294447 
304645 
370921 
335033 
193623 
634802 
131425 
3252798 
168748 
1752484 
35962 
147110 
48291 
140484 
125810 
58235 
140485 
97264 
128070 
168750 
67139 
463928 
1043481 
546972 
243292 
214933 
267380 
48807 
5098283 
2466163 
1925406 
140486 
64974 
168749 
116887 
37083 
828797 
169719 
843471 
152664 
92908 
96234 
152665 
120278 
142766 
467995 
733372 
265616 
250227 
250226 
244946 
243288 
365536 
180137 
544490 
275886 
33157 
4617585 
403815 
2810538 
173353 
297566 
469990 
270708 
104346 
5210634 
3326602 
169717 
95169 
88395 
79431 
80548 
43919 
72716 
169718 
67200 
169720 
90629 
1012596 
142806 
3006823 
57249 
2294468 
114757 
3817570 
103901 
2982025 
65086 
2687344 
148284 
517936 
97363 
746202 
58325 
464825 
2122011 
77724 
3522775 
2540067 
544348 
258992 
193506 
211843 
368145 
272563 
294296 
176837 
4664844 
1128925 
3965064 
4235766 
79477 
36048 
41677 
32669 
170423 
77251 
61689 
48384 
118097 
81731 
464787 
872220 
99525 
1122804 
81717 
1126305 
488235 
31477 
129286 
94053 
116973 
151577 
59410 
57218 
39428 
85089 
106117 
37158 
170067 
170065 
52854 
120294 
170066 
915521 
59421 
997885 
95260 
462367 
3719453 
3448929 
2933083 
118567 
4186081 
406594 
2933182 
702367 
520981 
2097639 
159175 
3448967 
33178 
1131910 
58802 
2712138 
689234 
225176 
221827 
5408161 
3080850 
2171321 
629906 
591363 
3596491 
988177 
852965 
819216 
1004612 
838612 
886989 
420405 
2072755 
1133627 
157632 
3179278 
117405 
4759345 
53288 
3007008 
40957 
709081 
234674 
321007 
336251 
203242 
392972 
299081 
3572276 
775517 
102747 
71681 
50607 
150481 
83967 
120299 
44999 
107149 
76113 
32649 
43947 
53958 
125905 
41663 
99535 
134941 
129297 
114804 
99589 
113721 
82921 
40599 
127082 
132713 
103944 
171146 
1027074 
82866 
658763 
82911 
59466 
2711979 
149418 
3817634 
170269 
518514 
130394 
775523 
75003 
634793 
134948 
118090 
68402 
3399672 
116982 
469648 
844755 
182959 
619118 
251584 
158883 
5051204 
63271 
1728054 
1580189 
1133616 
211823 
50613 
42797 
124774 
136100 
152699 
123669 
90657 
119188 
170268 
171035 
102790 
139513 
775519 
121429 
721830 
488444 
545081 
239911 
270795 
366946 
270794 
210134 
253728 
231553 
208507 
173434 
91149 
1974760 
1851363 
2023721 
4646145 
3646282 
1131063 
3375568 
2196568 
939631 
649261 
699113 
2933117 
120355 
1126644 
75053 
688065 
814316 
601132 
731956 
140617 
171100 
131568 
75052 
97413 
75054 
92987 
71737 
86264 
62830 
97412 
84019 
65139 
130439 
41713 
124823 
81771 
423745 
1007740 
46138 
1125545 
119191 
2564470 
31492 
2834829 
148278 
2908648 
45013 
819114 
170338 
97358 
65083 
2294442 
38275 
110445 
462377 
3940401 
55501 
3719910 
4211274 
3031542 
3326452 
3449172 
3498191 
4655476 
544310 
317948 
339859 
319657 
274255 
132670 
52863 
91799 
105024 
133761 
90660 
129306 
45014 
901191 
103840 
169567 
1875816 
115840 
3719577 
63879 
1579849 
63878 
2884257 
86170 
52828 
42747 
69483 
90622 
169568 
32610 
133710 
459015 
1131424 
55472 
2073063 
3130124 
3056085 
5285716 
547090 
295822 
316092 
306039 
61635 
79423 
91759 
120274 
147160 
736808 
69447 
524416 
91727 
1125422 
35981 
1875794 
124710 
1801820 
71618 
3129639 
39494 
3301592 
169061 
978747 
73833 
2318966 
53891 
4210923 
146027 
1579821 
44935 
663614 
461479 
63845 
64996 
134996 
169060 
171167 
133810 
41600 
143815 
124709 
47162 
70660 
49407 
123711 
129801 
3031557 
4363701 
752372 
326484 
213581 
411808 
370310 
480737 
265871 
325818 
730743 
208689 
4186489 
2343671 
2982567 
920407 
94010 
755887 
146048 
1061171 
122480 
3768498 
169327 
3915642 
169326 
760761 
51669 
43897 
38225 
443598 
815697 
479517 
178332 
1098300 
172869 
321102 
206656 
473272 
597677 
4863259 
269011 
96713 
5398696 
158232 
2614060 
3695068 
3646245 
4136953 
346396 
1106101 
53903 
95151 
35998 
111433 
113610 
47175 
33740 
169328 
43896 
74942 
843533 
434470 
727229 
133110 
2023338 
5023075 
840016 
475020 
265617 
353146 
304347 
144863 
49368 
168387 
34796 
50501 
38173 
81607 
104890 
144862 
53857 
91683 
150378 
122420 
412241 
4039026 
3424529 
138220 
2073079 
473270 
1604760 
2564752 
5276497 
641053 
236383 
1128866 
717335 
418747 
780397 
733389 
99963 
5182618 
349761 
66080 
115767 
38172 
129201 
59313 
988555 
79514 
673354 
143916 
49538 
125962 
33841 
41716 
111544 
171171 
107206 
388509 
1130867 
129782 
1130868 
994662 
241688 
218408 
367336 
316210 
4994661 
2196215 
171172 
2023315 
52922 
1126909 
101749 
134997 
94111 
109398 
132715 
147246 
52921 
102795 
89601 
1061183 
126982 
755891 
41619 
3203474 
102686 
2515229 
474573 
654175 
118010 
5220026 
3596835 
409545 
544400 
368005 
368006 
368007 
2319369 
1125494 
4364864 
132614 
114691 
104946 
427125 
169242 
169243 
72685 
77172 
96203 
131451 
126983 
90604 
77171 
57174 
65009 
143826 
804902 
120350 
2269932 
86256 
3006802 
99581 
3252683 
107201 
3571823 
171041 
2564344 
468093 
3448756 
51762 
678204 
78403 
66231 
70649 
90709 
81768 
147239 
57286 
42851 
95257 
120349 
115930 
40590 
73958 
121427 
60607 
138374 
94104 
171040 
85141 
31533 
131563 
73957 
54011 
75048 
4038833 
139943 
3399899 
3621348 
4655517 
1091109 
368182 
336525 
304504 
218493 
761993 
456464 
697968 
132567 
5295166 
3768629 
2416770 
2711985 
368804 
326397 
368803 
750046 
268628 
524484 
450242 
2490447 
141706 
678296 
61686 
813925 
61685 
70609 
3448705 
97360 
1875850 
128151 
170400 
134299 
4929045 
76594 
544374 
297690 
355008 
355009 
183441 
297689 
368077 
446515 
2220959 
3301847 
2835241 
101702 
86262 
71698 
94064 
87323 
170399 
39446 
171078 
112587 
40594 
85106 
109355 
55071 
47239 
70653 
55107 
171079 
38313 
1075341 
74962 
3596498 
81684 
3080542 
446998 
3400050 
48802 
1802113 
3277531 
675100 
292455 
275761 
365371 
2097378 
1826912 
4740852 
1128804 
107114 
127004 
110410 
103841 
80542 
169570 
139428 
77189 
113626 
150450 
53920 
109306 
31454 
92897 
147162 
169569 
1056187 
70555 
124716 
120255 
41613 
35990 
35991 
142732 
66119 
37113 
169203 
77169 
458192 
2884218 
113603 
1124304 
1702858 
545170 
124124 
3744119 
2245632 
1974719 
5455560 
195071 
430073 
252025 
79398 
100564 
140510 
114687 
141625 
108193 
1046473 
46123 
33784 
49474 
138318 
124764 
39433 
125897 
95195 
143867 
170117 
2343233 
170116 
2834867 
107143 
4087466 
79455 
3964885 
123664 
389257 
3277424 
125216 
3105202 
1133356 
1019022 
284035 
624031 
234721 
441419 
344675 
181591 
250157 
2490705 
3031494 
5079346 
2319290 
1133868 
3965304 
134936 
151579 
108255 
53953 
829088 
133804 
809190 
115932 
2121753 
433841 
1126516 
85142 
2810207 
171090 
4210909 
127078 
110489 
80635 
112622 
134993 
32710 
96312 
65137 
125958 
171089 
139515 
54012 
171088 
171087 
122568 
138380 
2785973 
81062 
1133746 
68884 
4364968 
130854 
2589464 
3351226 
545167 
366830 
295920 
309453 
299338 
145024 
77295 
132712 
62829 
142837 
39491 
60609 
138381 
112621 
171091 
88461 
523693 
94116 
1924979 
143921 
673345 
99593 
1629075 
54021 
96317 
67290 
399293 
5154470 
53357 
4235785 
728287 
358992 
996937 
358991 
542175 
471339 
838683 
159443 
2736634 
106613 
3891082 
5389195 
516962 
2785629 
2245201 
3129524 
192026 
321398 
335014 
198696 
215217 
258466 
747510 
276029 
370661 
436297 
516611 
44426 
1128972 
3301452 
5361064 
625295 
248768 
1777452 
1727907 
148330 
113723 
72818 
62837 
62836 
76177 
150544 
38320 
76178 
81774 
135003 
171221 
151639 
145031 
107212 
82931 
131574 
1104329 
100548 
91719 
3497910 
71610 
2392523 
396718 
645709 
186753 
422951 
702680 
366437 
366439 
456907 
248522 
366438 
158561 
5023002 
2589588 
2245560 
2294754 
91721 
41594 
35971 
73825 
77159 
168938 
126969 
147114 
168940 
133678 
168941 
168939 
91720 
41595 
121301 
867834 
33682 
79354 
3301467 
168371 
1123928 
37058 
3326240 
395021 
694160 
264119 
51090 
5238859 
1876025 
40438 
143779 
168374 
108151 
149302 
106020 
40437 
59309 
168372 
123567 
168373 
133653 
113552 
71582 
610873 
77286 
4235401 
39482 
750937 
133796 
39481 
3743824 
48409 
3743840 
72798 
59460 
145018 
90704 
170954 
34943 
31528 
33823 
170953 
138368 
42846 
51757 
38308 
36085 
409972 
2515489 
55493 
5079323 
3818027 
892878 
367487 
297664 
183410 
36084 
105059 
111536 
60605 
170955 
920564 
72649 
168377 
54958 
82763 
114654 
61561 
44894 
42664 
113553 
73793 
2146462 
421259 
951092 
270719 
346442 
365689 
238111 
126376 
3252808 
421333 
5370699 
79907 
1076890 
76536 
55451 
1131915 
186609 
231384 
1109070 
39401 
5426955 
988078 
455813 
799736 
151581 
708965 
226562 
633652 
203342 
339672 
326155 
331306 
437352 
4740776 
2761600 
964246 
2515241 
668588 
775552 
449373 
1127928 
190029 
48263 
1133420 
1133274 
79355 
39328 
97244 
86099 
54959 
95090 
138217 
44920 
453342 
2097105 
38183 
3375409 
158433 
5483540 
665368 
305687 
958164 
237728 
269149 
583244 
69978 
1130038 
400714 
2023777 
4731234 
751404 
84988 
149297 
2121896 
54953 
3497791 
287569 
265750 
201407 
500052 
208056 
346439 
341358 
223275 
131423 
168712 
48288 
122443 
168714 
115786 
121287 
