 2 14580 
 3 5954 
 4 2826 
 5 1774 
 6 1495 
 7 921 
 8 944 
 9 1127 
 10 1243 
 11 1330 
 12 1246 
 13 1161 
 14 1008 
 15 886 
 16 722 
 17 620 
 18 528 
 19 424 
 20 383 
 21 305 
 22 272 
 23 229 
 24 230 
 25 178 
 26 175 
 27 161 
 28 116 
 29 125 
 30 107 
 31 96 
 32 115 
 33 81 
 34 98 
 35 77 
 36 72 
 37 74 
 38 42 
 39 55 
 40 50 
 41 53 
 42 45 
 43 51 
 44 37 
 45 31 
 46 47 
 47 41 
 48 29 
 49 33 
 50 29 
 51 28 
 52 25 
 53 21 
 54 28 
 55 26 
 56 17 
 57 21 
 58 15 
 59 24 
 60 26 
 61 9 
 62 20 
 63 13 
 64 16 
 65 17 
 66 11 
 67 10 
 68 12 
 69 10 
 70 11 
 71 9 
 72 10 
 73 9 
 74 6 
 75 9 
 76 6 
 77 7 
 78 6 
 79 6 
 80 5 
 81 8 
 82 5 
 83 4 
 84 5 
 85 8 
 86 5 
 87 6 
 88 4 
 89 4 
 90 5 
 91 4 
 92 4 
 93 7 
 94 3 
 95 4 
 96 3 
 97 1 
 98 1 
 99 2 
 100 3 
 102 4 
 103 3 
 104 2 
 105 1 
 106 1 
 107 3 
 108 3 
 110 4 
 111 1 
 113 6 
 114 1 
 115 2 
 117 1 
 118 1 
 119 3 
 120 1 
 121 2 
 122 1 
 123 1 
 124 1 
 125 3 
 126 1 
 127 2 
 128 1 
 132 2 
 133 1 
 134 2 
 135 1 
 137 4 
 140 1 
 141 1 
 147 1 
 148 1 
 152 1 
 153 2 
 154 1 
 156 2 
 158 1 
 162 2 
 164 1 
 170 2 
 172 1 
 176 1 
 182 1 
 187 1 
 189 1 
 190 1 
 197 1 
 207 1 
 209 1 
 214 1 
 215 1 
 222 1 
 236 1 
 242 1 
 243 2 
 249 1 
 260 1 
 267 1 
 274 1 
 291 1 
 299 1 
 301 1 
 334 1 
 345 1 
 352 1 
 356 1 
 363 1 
 364 1 
 397 1 
 433 1 
 457 1 
 468 1 
 538 1 
 551 1 
 695 1 
 810 1 
 1300 1 
 3113 1 
