18 
32 
39 
51 
82 
123 
150 
226 
269 
274 
275 
285 
313 
320 
382 
506 
517 
523 
525 
623 
707 
713 
728 
786 
875 
878 
945 
985 
992 
1011 
1029 
1063 
1077 
1122 
1237 
1239 
1253 
1282 
1334 
1338 
1386 
1484 
1581 
1583 
1591 
1618 
1623 
1672 
1680 
1718 
1729 
1739 
1753 
1787 
1797 
1814 
1824 
1826 
1830 
1954 
1955 
1963 
1991 
1993 
2047 
2097 
2109 
2125 
2126 
2186 
2188 
2212 
2213 
2236 
2294 
2340 
2408 
2418 
2419 
2424 
2435 
2438 
2442 
2443 
2454 
2496 
2514 
2682 
2691 
2756 
2763 
2831 
2913 
2921 
2924 
2930 
3025 
3027 
3083 
3122 
3145 
3162 
3174 
3182 
3214 
3259 
3332 
3388 
3393 
3398 
3401 
3489 
3509 
3524 
3555 
3570 
3618 
3620 
3625 
3628 
3630 
3640 
3644 
3685 
3705 
3709 
3815 
3823 
3832 
3835 
3849 
3850 
3931 
3933 
3945 
3973 
3990 
4057 
4061 
4066 
4072 
4138 
4146 
4154 
4156 
4168 
4176 
4246 
4264 
4313 
4318 
4327 
4330 
4332 
4504 
4572 
4573 
4579 
4586 
4721 
4741 
4742 
4767 
4799 
4807 
4828 
4872 
4879 
4887 
4888 
4891 
4974 
5019 
5023 
5031 
5037 
5058 
5059 
5132 
5186 
5214 
5221 
5261 
5286 
5292 
5302 
5340 
5505 
5514 
5525 
5528 
5578 
5602 
5616 
5669 
5682 
5762 
5770 
5775 
5786 
5793 
5840 
5843 
5845 
5858 
5870 
5881 
5902 
5923 
5937 
5950 
5968 
6010 
6018 
6023 
6032 
6059 
6089 
6097 
6105 
6126 
6158 
6173 
6189 
6245 
6251 
6258 
6259 
6277 
6280 
6341 
6348 
6355 
6364 
6502 
6507 
6514 
6542 
6578 
6599 
6644 
6669 
6674 
6676 
6719 
6720 
6722 
6724 
6727 
6757 
6758 
6763 
6787 
6799 
6898 
6907 
6963 
6992 
7042 
7047 
7136 
7150 
7199 
7204 
7216 
7358 
7387 
7423 
7428 
7455 
7463 
7464 
7476 
7520 
7534 
7554 
7598 
7600 
7602 
7621 
7635 
7696 
7710 
7751 
7797 
7800 
7860 
7865 
7896 
7925 
7938 
7939 
7943 
7957 
7966 
7993 
8168 
8174 
8177 
8181 
8187 
8259 
8264 
8272 
8274 
8276 
8307 
8329 
8367 
8411 
8413 
8421 
8422 
8434 
8477 
8481 
8490 
8518 
8582 
8583 
8613 
8616 
8670 
8673 
8677 
8702 
8736 
8759 
8841 
8891 
8902 
8932 
8954 
8972 
8974 
9143 
9155 
9174 
9194 
9298 
9309 
9316 
9371 
9502 
9542 
9572 
9592 
9595 
9597 
9610 
9678 
9770 
9774 
9778 
9827 
9864 
9870 
9871 
9938 
9944 
9985 
9988 
10024 
10095 
10142 
10149 
10153 
10223 
10232 
10247 
10305 
10312 
10320 
10321 
10329 
10330 
10475 
10552 
10556 
10561 
10563 
10568 
10572 
10573 
10577 
10588 
10604 
10654 
10666 
10705 
10731 
10797 
10809 
10854 
10855 
10856 
10860 
10872 
10890 
10909 
10936 
11021 
11023 
11044 
11045 
11072 
11074 
11076 
11155 
11184 
11198 
11244 
11292 
11296 
11298 
11303 
11349 
11443 
11522 
11585 
11589 
11675 
11742 
11747 
11760 
11766 
11769 
11791 
11830 
11836 
11855 
11903 
11959 
11961 
11971 
12024 
12031 
12049 
12053 
12074 
12101 
12105 
12108 
12198 
12201 
12275 
12301 
12343 
12352 
12382 
12402 
12459 
12557 
12597 
12601 
12613 
12656 
12704 
12712 
12717 
12719 
12781 
12784 
12803 
12871 
12877 
12920 
12921 
12926 
12928 
12929 
12937 
12944 
12967 
12989 
13003 
13008 
13029 
13032 
13033 
13091 
13124 
13162 
13188 
13189 
13200 
13235 
13296 
13308 
13322 
13350 
13392 
13470 
13496 
13623 
13626 
13666 
13667 
13668 
13671 
13728 
13763 
13834 
13868 
13886 
13888 
13895 
13896 
13897 
13902 
13905 
13906 
13907 
14024 
14061 
14114 
14216 
14291 
14353 
14361 
14362 
14370 
14373 
14397 
14400 
14515 
14526 
14527 
14531 
14572 
14584 
14587 
14601 
14604 
14655 
14790 
14798 
14813 
14841 
14842 
14849 
14892 
14985 
15038 
15042 
15052 
15054 
15112 
15131 
15155 
15166 
15182 
15194 
15277 
15292 
15301 
15334 
15356 
15494 
15525 
15556 
15563 
15597 
15727 
15752 
15753 
15826 
15926 
15934 
15936 
15969 
15987 
16035 
16058 
16068 
16201 
16206 
16231 
16305 
16317 
16343 
16347 
16350 
16359 
16420 
16423 
16425 
16428 
16429 
16447 
16514 
16569 
16586 
16602 
16629 
16636 
16641 
16648 
16664 
16755 
16856 
16902 
16907 
16913 
16922 
16928 
16937 
17030 
17108 
17157 
17229 
17260 
17267 
17279 
17311 
17359 
17383 
17393 
17440 
17470 
17516 
17564 
17592 
17594 
17599 
17602 
17678 
17682 
17705 
17757 
17776 
17778 
17804 
17825 
17840 
17841 
17844 
17852 
17858 
17864 
17960 
17966 
18175 
18185 
18214 
18229 
18254 
18256 
18296 
18329 
18336 
18344 
18361 
18430 
18433 
18502 
18523 
18533 
18576 
18578 
18582 
18583 
18591 
18596 
18618 
18653 
18702 
18754 
18769 
18816 
18830 
18836 
18926 
18957 
18967 
19022 
19034 
19036 
19044 
19045 
19047 
19118 
19130 
19154 
19192 
19225 
19250 
19273 
19274 
19279 
19282 
19284 
19287 
19324 
19347 
19372 
19419 
19505 
19517 
19532 
19547 
19591 
19677 
19760 
19777 
19830 
19848 
19905 
19918 
19987 
20041 
20091 
20102 
20146 
20190 
20247 
20303 
20395 
20415 
20439 
20447 
20478 
20479 
20482 
20520 
20589 
20614 
20674 
20693 
20738 
20740 
20742 
20744 
20746 
20826 
20833 
20880 
20888 
20919 
21001 
21041 
21115 
21122 
21203 
21207 
21226 
21299 
21310 
21329 
21409 
21412 
21471 
21481 
21492 
21494 
21497 
21513 
21518 
21542 
21567 
21579 
21692 
21713 
21732 
21764 
21765 
21807 
21815 
21928 
21929 
21934 
21940 
21954 
21960 
21981 
22052 
22056 
22102 
22105 
22168 
22173 
22197 
22265 
22332 
22356 
22376 
22420 
22421 
22431 
22436 
22536 
22593 
22596 
22620 
22626 
22628 
22648 
22661 
22665 
22677 
22696 
22697 
22703 
22716 
22735 
22762 
22843 
22865 
22868 
22899 
22902 
22908 
22918 
22973 
23021 
23049 
23084 
23131 
23143 
23147 
23155 
23169 
23183 
23205 
23223 
23364 
23403 
23406 
23525 
23595 
23603 
23607 
23612 
23613 
23639 
23664 
23681 
23710 
23796 
23802 
23814 
23815 
23854 
23895 
23928 
23940 
23952 
23976 
24017 
24043 
24055 
24057 
24058 
24080 
24087 
24096 
24126 
24268 
24278 
24290 
24295 
24304 
24315 
24417 
24421 
24422 
24534 
24538 
24554 
24575 
24600 
24645 
24677 
24697 
24706 
24714 
24756 
24757 
24773 
24774 
24779 
24794 
24883 
24923 
24972 
24974 
25021 
25023 
25079 
25102 
25149 
25167 
25241 
25258 
25270 
25454 
25456 
25458 
25539 
25555 
25583 
25618 
25640 
25712 
25730 
25735 
25804 
25815 
25842 
25867 
25903 
25927 
25937 
25982 
25983 
26002 
26080 
26095 
26479 
26480 
26695 
26702 
26734 
26737 
26760 
26784 
26789 
26801 
26806 
26808 
26809 
26846 
26849 
26850 
26851 
26852 
26886 
26918 
26928 
26929 
26938 
26947 
26948 
26949 
26950 
26968 
26996 
27003 
27044 
27045 
27046 
27047 
27048 
27057 
27065 
27074 
27089 
27121 
27127 
27128 
27147 
27150 
27162 
27191 
27192 
27197 
27220 
27221 
27225 
27236 
27237 
27249 
27252 
27255 
27256 
27257 
27275 
27367 
27432 
27443 
27466 
27629 
27630 
27653 
27657 
27704 
27709 
27886 
28163 
28167 
28169 
28179 
28194 
28232 
28279 
28307 
28311 
28319 
28334 
28336 
28478 
28496 
28497 
28510 
28548 
28575 
28640 
28705 
28707 
28760 
28766 
28788 
28800 
28804 
28813 
28814 
28945 
28982 
29245 
29347 
29466 
29611 
29631 
29703 
29750 
29858 
29861 
29875 
29938 
29965 
30045 
30048 
30099 
30134 
30191 
30197 
30287 
30298 
30303 
30314 
30384 
30417 
30420 
30426 
30455 
30456 
30491 
30499 
30509 
30510 
31209 
31221 
31295 
31300 
31310 
31315 
31334 
31344 
31347 
31349 
31353 
32384 
32410 
32435 
32511 
32519 
32529 
33514 
33520 
33538 
33550 
33586 
33628 
33663 
34644 
34693 
34745 
34755 
34786 
35777 
35783 
35790 
35792 
35809 
35811 
35830 
35896 
36898 
36907 
36930 
36939 
36976 
36987 
37004 
37005 
37012 
37018 
37039 
37971 
38015 
38016 
38028 
38029 
38031 
38164 
39196 
39207 
39238 
39294 
39297 
39299 
39305 
39307 
40234 
40256 
40263 
40265 
40299 
40303 
40308 
40321 
40331 
40367 
40383 
40402 
41385 
41404 
41412 
41463 
41466 
41484 
41502 
41505 
41515 
41528 
42465 
42480 
42489 
42514 
42553 
42564 
42589 
42604 
42609 
42643 
42650 
43689 
43693 
43750 
43779 
43793 
43811 
44733 
44752 
44760 
44791 
44797 
44842 
44856 
45839 
45877 
45902 
45996 
46002 
46019 
46020 
46952 
46967 
46979 
46983 
46986 
46987 
47007 
47013 
47027 
48061 
48084 
48098 
48102 
48124 
48137 
48204 
48213 
49196 
49206 
49237 
49238 
49271 
49286 
49303 
49342 
49358 
50319 
50323 
50343 
50354 
50370 
50373 
50388 
50403 
50425 
50437 
50448 
50460 
50463 
50466 
50471 
50484 
51427 
51492 
51525 
51537 
51556 
51575 
51587 
51591 
51593 
52584 
52598 
52645 
52646 
52655 
52666 
52733 
53681 
53755 
53763 
53770 
53777 
53778 
53791 
53842 
54809 
54845 
54911 
54914 
54943 
54949 
55842 
55846 
55859 
55860 
55919 
55945 
55946 
55961 
56943 
57008 
57029 
57033 
57050 
57058 
57082 
57095 
57102 
57111 
57113 
57114 
58043 
58049 
58073 
58122 
58128 
58136 
58164 
58177 
58204 
58208 
59169 
59174 
59195 
59197 
59248 
59283 
59286 
59292 
60315 
60317 
60321 
60345 
60352 
60355 
60438 
61430 
61431 
61433 
61436 
61443 
61495 
61500 
61526 
61546 
62483 
62486 
62506 
62507 
62527 
62534 
62536 
62541 
62553 
62568 
62591 
62601 
62614 
62637 
62658 
63665 
63667 
63705 
63724 
63736 
63755 
63764 
63765 
63779 
63780 
64795 
64844 
64845 
64870 
64878 
64905 
64915 
64923 
64928 
64942 
65909 
65926 
65945 
65946 
65947 
66007 
66013 
66015 
66019 
66044 
66056 
67007 
67018 
67019 
67045 
67055 
68112 
68143 
68145 
68178 
68222 
68245 
68247 
68262 
69257 
69265 
69267 
69273 
69279 
69295 
69299 
69304 
69305 
69366 
69387 
70300 
70341 
70372 
70379 
70400 
70405 
70424 
70473 
71411 
71419 
71420 
71434 
71534 
71547 
71553 
71564 
72522 
72540 
72542 
72554 
72574 
72577 
72584 
72636 
73584 
73610 
73640 
73641 
73649 
73658 
73702 
73715 
73743 
73746 
73771 
73788 
74723 
74751 
74771 
74815 
74841 
74873 
75845 
75853 
75869 
75888 
75893 
75900 
75914 
75915 
75926 
75965 
76935 
76940 
76941 
76986 
77009 
77044 
77053 
77057 
77058 
77083 
77112 
77113 
78058 
78095 
78097 
78100 
78133 
78134 
78144 
78149 
78170 
78189 
79190 
79220 
79250 
79325 
80320 
80323 
80348 
80396 
81396 
81397 
81402 
81427 
81465 
81478 
81506 
81515 
81547 
81575 
81577 
82570 
82571 
82587 
82588 
82601 
82602 
82605 
82628 
82641 
82693 
82706 
82717 
82745 
83693 
83699 
83727 
83745 
83746 
83791 
83806 
83815 
83829 
83863 
83864 
84810 
84847 
84889 
84891 
84899 
84900 
84934 
84972 
84985 
85945 
85949 
85963 
86012 
86041 
86042 
86048 
86061 
86092 
87004 
87036 
87043 
87053 
87055 
87056 
87124 
87140 
87172 
87175 
87181 
88187 
88207 
88232 
88282 
88286 
89236 
89322 
89361 
89367 
89368 
89379 
89389 
90362 
90381 
90404 
90425 
90446 
90450 
90487 
90496 
90516 
90531 
90532 
90543 
91560 
91570 
91579 
91589 
91620 
91632 
91636 
91637 
91651 
91666 
91671 
92646 
92666 
92674 
92720 
92737 
92783 
92798 
92822 
92831 
93773 
93809 
93835 
93863 
93874 
93902 
93904 
93905 
94912 
94921 
94922 
94970 
94981 
95027 
95028 
95054 
95068 
96009 
96012 
96040 
96050 
97087 
97098 
97106 
97156 
97179 
97184 
97207 
98211 
98219 
98226 
98237 
98253 
98279 
98289 
98321 
98327 
98342 
99291 
99344 
99376 
99385 
99414 
99428 
100391 
100403 
100417 
100425 
100430 
100446 
100471 
100481 
100484 
101447 
101448 
101450 
101454 
101498 
101502 
101503 
101512 
101525 
101531 
101534 
101536 
101585 
102490 
102497 
102500 
102520 
102533 
102555 
102564 
102572 
102573 
102581 
102608 
102625 
103589 
103615 
103616 
103623 
103662 
103663 
103666 
103679 
103735 
103764 
104725 
104735 
104755 
104785 
104811 
104843 
105858 
105886 
105922 
105979 
105997 
106898 
106901 
106925 
106956 
107012 
107018 
108000 
108004 
108070 
108105 
108124 
108133 
108141 
109052 
109069 
109154 
109169 
109174 
109175 
109186 
110190 
110193 
110194 
110195 
110215 
110217 
110218 
110235 
110237 
110261 
110294 
110308 
110314 
110331 
110332 
111196 
111213 
111235 
111247 
111258 
111277 
111282 
111316 
111324 
111372 
111373 
112313 
112329 
112367 
112394 
112428 
112460 
112461 
113407 
113417 
113476 
113499 
113514 
113532 
114483 
114486 
114510 
114536 
114552 
114554 
114585 
114602 
114612 
114621 
115601 
115613 
115652 
115656 
115665 
115692 
115737 
115743 
115750 
116669 
116675 
116699 
116744 
116766 
116777 
116779 
116781 
116799 
116837 
117804 
117873 
117877 
117883 
117886 
117913 
117969 
118891 
118923 
118927 
118964 
118976 
118977 
118987 
119030 
119036 
119054 
119065 
120023 
120055 
120065 
120095 
120120 
120166 
120167 
121106 
121199 
121201 
121217 
121218 
121224 
121243 
121246 
121257 
122284 
122300 
122302 
122325 
122345 
122372 
122378 
122408 
123361 
123389 
123396 
123446 
123451 
123469 
123515 
123539 
123541 
124478 
124525 
124532 
124535 
124544 
124548 
124569 
124608 
124650 
124659 
125639 
125647 
125662 
125716 
125756 
125763 
125765 
126742 
126805 
126807 
126813 
126817 
126844 
126846 
126865 
126867 
126879 
126884 
126904 
126905 
127855 
127881 
127883 
127892 
127966 
127972 
127998 
128023 
128036 
128996 
129014 
129060 
129126 
129174 
130103 
130126 
130161 
130209 
131237 
131256 
131305 
131311 
131328 
131334 
131337 
131373 
131392 
132390 
132393 
132396 
132407 
132433 
132450 
132495 
132511 
132553 
133505 
133529 
133567 
133575 
133580 
133590 
133595 
133604 
133617 
133644 
134688 
134710 
134728 
134744 
134749 
134778 
134795 
134796 
134800 
134819 
135813 
135814 
135831 
135886 
136937 
136990 
137001 
137011 
137017 
137033 
137056 
137072 
138050 
138065 
138067 
138069 
138071 
138087 
138110 
138175 
138196 
138207 
139166 
139196 
139197 
139237 
139241 
139242 
139243 
139246 
139255 
139288 
139318 
139322 
140284 
140293 
140309 
140337 
140353 
140361 
140368 
140391 
140449 
141409 
141445 
141464 
141499 
141536 
141566 
141568 
142495 
142517 
142520 
142612 
142616 
142619 
142638 
142670 
143583 
143610 
143613 
143660 
143675 
143686 
143691 
143710 
143711 
143721 
143734 
143737 
144669 
144690 
144759 
144760 
144820 
144842 
144852 
145815 
145862 
145923 
145937 
145944 
145965 
145968 
145986 
146892 
146896 
146914 
146966 
146978 
146984 
147002 
147003 
147010 
147059 
147065 
148041 
148059 
148071 
148102 
148125 
148138 
148139 
148142 
148162 
149129 
149172 
149178 
149186 
149195 
149220 
149249 
149251 
149257 
149264 
149281 
149284 
150239 
150244 
150302 
150332 
150347 
150361 
150365 
151295 
151338 
151342 
151382 
151387 
151457 
151465 
151473 
152414 
152440 
152448 
152548 
152573 
152580 
165036 
165077 
165078 
165079 
165087 
165088 
165126 
165127 
165128 
165163 
165298 
165339 
165358 
165382 
165389 
165390 
165419 
165427 
165440 
165450 
165459 
165461 
165472 
165498 
165499 
165505 
165514 
165532 
165539 
165543 
165557 
165563 
165564 
165565 
165586 
165587 
165594 
165596 
165599 
165604 
165605 
165617 
165635 
165636 
165684 
165747 
165748 
165749 
165758 
165782 
165827 
165886 
165923 
165932 
165954 
165955 
165963 
165978 
165998 
166041 
166096 
166205 
166212 
166214 
166246 
166247 
166248 
166262 
166284 
166327 
166334 
166344 
166345 
166346 
166361 
166430 
166431 
166470 
166471 
166472 
166473 
166477 
166478 
166479 
166480 
166491 
166535 
166536 
166540 
166541 
166575 
166579 
166591 
166597 
166598 
166613 
166665 
166761 
166806 
166838 
166863 
166869 
166957 
166963 
166970 
167030 
167062 
167063 
167121 
167187 
167188 
167198 
167223 
167224 
167227 
167236 
167237 
167238 
167242 
167243 
167244 
167289 
167290 
167357 
167358 
167369 
167370 
167387 
167407 
167417 
167453 
167454 
167484 
167511 
167585 
167607 
167611 
167612 
167700 
167740 
167775 
167776 
167794 
167826 
167829 
167835 
167925 
167928 
167970 
167976 
167977 
167985 
168003 
168080 
168081 
168090 
168163 
168164 
168176 
168179 
168191 
168203 
168231 
168247 
168258 
168259 
168261 
172863 
174128 
174130 
174167 
174169 
174208 
174226 
174227 
174228 
174239 
174247 
174260 
174286 
174313 
174320 
174325 
174341 
174350 
174356 
174369 
174386 
174409 
174438 
174449 
174465 
174477 
174488 
174498 
174502 
174503 
174517 
174521 
174524 
174525 
174530 
174534 
174546 
174560 
174565 
174571 
174577 
174578 
174579 
174689 
175861 
175876 
175925 
175926 
175936 
175937 
175938 
175943 
175953 
175955 
175965 
175968 
175985 
175995 
175996 
175998 
176022 
176036 
176040 
176053 
176060 
176073 
176076 
176082 
176091 
176106 
176117 
176119 
176129 
176131 
176145 
176172 
176173 
176186 
176195 
176233 
176239 
176255 
176274 
176278 
177438 
177483 
177542 
177561 
177562 
177575 
177577 
177589 
177591 
177593 
177612 
177617 
177619 
177634 
177640 
177655 
177675 
177681 
177699 
177702 
177703 
177704 
177706 
177727 
177731 
177753 
177756 
177757 
177774 
177786 
177791 
177796 
177800 
177810 
177811 
177813 
177814 
177817 
177822 
177841 
177848 
177855 
177859 
177872 
177879 
177896 
177900 
177949 
179174 
179175 
179196 
179237 
179245 
179250 
179252 
179259 
179288 
179357 
179358 
179363 
179381 
179405 
179408 
179424 
179432 
179433 
179455 
179456 
179458 
179462 
179467 
179493 
179499 
179500 
179514 
179520 
179538 
179545 
179562 
179563 
179585 
179586 
179596 
179677 
180855 
180865 
180889 
180917 
180918 
180921 
180958 
180972 
180985 
180992 
181002 
181003 
181010 
181025 
181037 
181039 
181040 
181043 
181054 
181055 
181091 
181096 
181097 
181104 
181115 
181127 
181129 
181137 
181163 
181176 
181178 
181204 
181206 
181215 
181220 
181222 
181231 
181241 
181252 
181258 
181259 
181345 
182468 
182523 
182534 
182539 
182540 
182549 
182552 
182563 
182587 
182598 
182599 
182610 
182611 
182631 
182639 
182640 
182641 
182648 
182666 
182672 
182684 
182723 
182724 
182740 
182743 
182745 
182750 
182762 
182773 
182784 
182800 
182801 
182809 
182818 
182819 
182843 
182845 
184104 
184130 
184135 
184138 
184139 
184151 
184167 
184173 
184178 
184187 
184211 
184226 
184245 
184247 
184252 
184253 
184263 
184264 
184282 
184287 
184291 
184308 
184312 
184324 
184325 
184339 
184347 
184354 
184357 
184378 
184414 
184415 
184426 
184427 
184436 
184442 
184443 
184457 
184475 
184476 
184477 
185758 
185775 
185792 
185811 
185833 
185838 
185842 
185843 
185855 
185868 
185875 
185876 
185882 
185911 
185931 
185934 
185938 
185945 
185949 
185959 
185964 
185965 
185968 
185969 
185985 
185986 
185990 
185991 
185992 
186000 
186034 
186085 
186099 
186107 
186129 
186139 
186158 
186166 
186186 
186191 
186201 
186217 
186236 
186250 
186369 
187555 
187560 
187566 
187569 
187572 
187573 
187578 
187592 
187594 
187595 
187597 
187601 
187609 
187610 
187615 
187620 
187629 
187641 
187661 
187712 
187740 
187745 
187756 
187771 
187772 
187776 
187777 
187784 
187795 
187810 
187814 
187821 
187824 
187833 
187834 
187835 
187837 
187868 
187872 
187875 
187883 
187884 
187899 
187912 
188004 
188011 
189110 
189111 
189134 
189153 
189160 
189204 
189206 
189207 
189211 
189213 
189214 
189233 
189259 
189276 
189285 
189286 
189297 
189321 
189323 
189333 
189339 
189392 
189421 
189429 
189430 
189447 
189456 
189457 
189469 
189499 
189510 
189541 
189564 
189659 
190867 
190912 
190918 
190919 
190934 
190943 
190944 
190954 
190961 
190963 
190969 
191013 
191014 
191017 
191026 
191036 
191045 
191057 
191085 
191093 
191094 
191095 
191098 
191121 
191125 
191126 
191129 
191145 
191150 
191160 
191165 
191177 
191179 
191209 
191210 
191211 
191228 
191234 
191235 
191240 
191242 
191268 
191272 
191275 
191276 
191277 
191279 
191293 
191301 
191314 
191318 
192537 
192558 
192608 
192610 
192615 
192629 
192635 
192638 
192648 
192655 
192664 
192694 
192698 
192708 
192726 
192754 
192758 
192762 
192781 
192787 
192788 
192811 
192813 
192818 
192819 
192825 
192833 
192845 
192846 
192858 
192886 
192891 
192892 
192900 
192921 
192922 
192927 
192937 
192952 
192959 
192964 
192965 
192970 
192972 
192995 
193076 
194107 
194175 
194182 
194184 
194186 
194187 
194188 
194189 
194190 
194191 
194203 
194208 
194209 
194210 
194216 
194257 
194271 
194282 
194314 
194333 
194352 
194398 
194414 
194416 
194417 
194420 
194421 
194426 
194427 
194441 
194443 
194446 
194457 
194461 
194463 
194477 
194528 
194532 
194533 
194536 
194563 
194564 
194636 
194637 
195774 
195801 
195803 
195847 
195854 
195855 
195859 
195861 
195870 
195872 
195873 
195880 
195885 
195894 
195899 
195900 
195929 
195937 
195945 
195961 
195976 
195984 
195997 
196003 
196010 
196012 
196021 
196022 
196044 
196053 
196059 
196067 
196070 
196071 
196077 
196097 
196098 
196100 
196108 
196112 
196120 
196140 
196148 
196149 
196165 
196166 
196167 
196184 
196187 
196194 
197555 
197604 
197608 
197615 
197617 
197620 
197632 
197640 
197656 
197681 
197698 
197704 
197705 
197717 
197743 
197744 
197750 
197752 
197772 
197782 
197807 
197808 
197838 
197872 
197873 
197892 
197893 
197910 
197915 
197946 
197947 
197964 
197979 
197989 
199217 
199239 
199243 
199251 
199327 
199328 
199329 
199339 
199372 
199387 
199394 
199401 
199419 
199420 
199437 
199445 
199447 
199448 
199449 
199455 
199463 
199464 
199499 
199507 
199525 
199535 
199536 
199562 
199566 
199573 
199575 
199593 
199594 
199621 
199633 
199643 
199646 
199656 
199661 
199669 
200966 
200970 
200980 
200984 
200993 
200997 
200999 
201007 
201008 
201010 
201011 
201026 
201027 
201035 
201046 
201052 
201053 
201056 
201065 
201067 
201091 
201094 
201098 
201116 
201118 
201131 
201158 
201177 
201197 
201199 
201203 
201204 
201208 
201209 
201219 
201223 
201238 
201259 
201287 
201298 
201305 
201313 
201329 
201339 
202531 
202535 
202554 
202555 
202569 
202599 
202600 
202605 
202606 
202608 
202613 
202623 
202630 
202633 
202637 
202640 
202641 
202644 
202684 
202686 
202705 
202718 
202730 
202732 
202733 
202755 
202758 
202764 
202813 
202817 
202829 
202852 
202853 
202897 
202917 
202923 
202931 
202939 
202943 
202945 
202951 
202953 
202955 
202961 
202965 
202981 
202982 
203032 
204122 
204124 
204156 
204159 
204203 
204204 
204205 
204207 
204208 
204213 
204214 
204215 
204229 
204280 
204286 
204288 
204292 
204301 
204310 
204346 
204347 
204349 
204351 
204363 
204373 
204383 
204408 
204422 
204423 
204434 
204445 
204446 
204454 
204460 
204486 
204490 
204491 
204510 
204513 
204541 
204542 
204587 
204634 
204657 
205802 
205805 
205843 
205853 
205857 
205866 
205871 
205877 
205893 
205896 
205897 
205927 
205933 
205939 
205941 
205949 
205957 
205960 
205979 
205980 
205992 
206001 
206008 
206012 
206017 
206040 
206048 
206058 
206062 
206066 
206070 
206095 
206099 
206107 
206108 
206132 
206141 
206156 
206164 
206167 
206173 
206176 
206182 
206193 
206194 
206195 
206233 
206234 
206333 
206364 
206382 
207495 
207521 
207541 
207589 
207597 
207598 
207607 
207616 
207617 
207631 
207635 
207638 
207642 
207649 
207673 
207676 
207683 
207691 
207704 
207731 
207734 
207743 
207769 
207790 
207805 
207806 
207812 
207822 
207823 
207834 
207843 
207857 
207859 
207866 
207867 
207869 
207870 
207873 
207881 
207884 
207907 
207913 
207947 
207948 
207961 
208021 
209190 
209191 
209193 
209221 
209226 
209272 
209273 
209275 
209276 
209279 
209280 
209291 
209292 
209301 
209308 
209328 
209350 
209351 
209356 
209367 
209383 
209384 
209386 
209398 
209409 
209461 
209468 
209472 
209476 
209479 
209481 
209504 
209532 
209547 
209561 
209578 
209579 
209580 
209597 
209600 
209617 
209626 
209627 
210795 
210850 
210871 
210874 
210880 
210881 
210889 
210894 
210899 
210911 
210912 
210920 
210929 
210930 
210950 
210966 
210967 
210973 
211002 
211021 
211023 
211031 
211045 
211046 
211059 
211075 
211076 
211094 
211100 
211103 
211133 
211135 
211137 
211138 
211157 
211160 
211161 
211178 
211180 
211195 
211211 
211212 
211213 
211229 
211232 
211260 
211268 
211375 
212488 
212516 
212523 
212528 
212542 
212575 
212590 
212591 
212615 
212651 
212666 
212673 
212683 
212696 
212697 
212727 
212731 
212736 
212748 
212757 
212773 
212783 
212796 
212806 
212807 
212813 
212824 
212846 
212850 
212861 
212864 
212915 
212934 
212941 
214090 
214109 
214111 
214156 
214161 
214164 
214176 
214177 
214182 
214185 
214188 
214189 
214192 
214195 
214196 
214219 
214245 
214255 
214259 
214265 
214275 
214277 
214328 
214355 
214369 
214385 
214386 
214396 
214415 
214437 
214461 
214465 
214466 
214473 
214477 
214489 
214490 
214541 
215751 
215756 
215811 
215817 
215821 
215823 
215827 
215828 
215829 
215830 
215831 
215836 
215843 
215846 
215906 
215920 
215924 
215962 
215965 
215966 
215975 
215991 
215992 
216028 
216042 
216058 
216068 
216069 
216075 
216088 
216093 
216099 
216132 
216134 
216161 
216180 
216195 
216196 
216277 
217350 
217387 
217422 
217423 
217429 
217433 
217434 
217435 
217439 
217454 
217455 
217461 
217463 
217478 
217479 
217480 
217493 
217497 
217522 
217525 
217533 
217534 
217561 
217562 
217578 
217579 
217583 
217597 
217601 
217608 
217611 
217612 
217614 
217615 
217621 
217625 
217648 
217658 
217666 
217671 
217672 
217673 
217676 
217681 
217682 
217686 
217688 
217693 
217708 
217715 
217734 
217735 
217750 
217752 
217769 
217781 
217797 
217798 
217817 
217819 
217822 
217823 
217826 
217917 
219138 
219144 
219154 
219156 
219157 
219164 
219165 
219177 
219181 
219187 
219215 
219234 
219237 
219238 
219259 
219295 
219304 
219305 
219307 
219326 
219347 
219356 
219368 
219373 
219374 
219380 
219402 
219403 
219407 
219432 
219438 
219442 
219458 
219459 
219460 
219485 
219486 
219502 
219505 
219508 
219510 
219518 
219530 
220735 
220794 
220802 
220806 
220809 
220810 
220817 
220824 
220826 
220828 
220831 
220839 
220853 
220854 
220855 
220856 
220876 
220890 
220891 
220923 
220949 
220983 
221048 
221060 
221079 
221082 
221084 
221095 
221096 
221104 
221109 
221117 
221118 
221123 
221128 
221144 
221311 
222408 
222414 
222454 
222465 
222489 
222504 
222509 
222512 
222527 
222547 
222552 
222558 
222559 
222569 
222582 
222586 
222589 
222605 
222606 
222607 
222611 
222618 
222622 
222639 
222644 
222666 
222674 
222680 
222683 
222684 
222688 
222690 
222696 
222697 
222715 
222727 
222733 
222740 
222742 
222747 
222754 
222760 
222765 
222766 
222775 
222782 
222791 
222802 
222805 
222825 
222840 
224061 
224062 
224101 
224106 
224107 
224109 
224115 
224127 
224134 
224135 
224136 
224151 
224174 
224185 
224191 
224197 
224198 
224199 
224205 
224211 
224212 
224255 
224256 
224257 
224258 
224263 
224269 
224275 
224291 
224295 
224312 
224322 
224329 
224331 
224333 
224345 
224346 
224377 
224404 
224405 
224414 
224440 
224453 
224458 
224490 
224491 
224499 
224500 
225725 
225726 
225727 
225777 
225781 
225797 
225809 
225810 
225839 
225852 
225856 
225880 
225893 
225915 
225919 
225923 
225933 
225962 
225968 
225984 
226002 
226012 
226017 
226028 
226040 
226043 
226050 
226064 
226078 
226097 
226106 
226108 
226114 
226115 
226131 
227426 
227428 
227433 
227435 
227438 
227439 
227440 
227448 
227474 
227487 
227515 
227550 
227553 
227580 
227590 
227594 
227595 
227596 
227607 
227623 
227650 
227659 
227663 
227664 
227665 
227680 
227681 
227684 
227687 
227690 
227704 
227705 
227707 
227710 
227740 
227752 
227769 
227774 
227784 
227847 
229020 
229024 
229071 
229072 
229073 
229074 
229076 
229077 
229089 
229096 
229097 
229140 
229168 
229189 
229201 
229203 
229210 
229220 
229240 
229257 
229260 
229261 
229279 
229306 
229312 
229313 
229325 
229332 
229339 
229343 
229347 
229348 
229349 
229380 
229395 
229401 
229402 
229403 
229406 
229413 
229416 
229417 
229424 
229426 
229432 
229456 
229582 
230620 
230640 
230651 
230680 
230729 
230731 
230735 
230750 
230754 
230755 
230784 
230794 
230815 
230816 
230833 
230837 
230839 
230865 
230876 
230885 
230932 
230943 
230955 
230958 
230976 
230985 
230995 
231004 
231015 
231020 
231064 
231066 
231119 
231174 
232237 
232255 
232268 
232289 
232310 
232317 
232318 
232319 
232328 
232339 
232342 
232343 
232353 
232355 
232367 
232400 
232404 
232430 
232433 
232434 
232445 
232446 
232447 
232464 
232465 
232469 
232480 
232517 
232518 
232546 
232547 
232556 
232566 
232572 
232574 
232607 
232608 
232610 
232618 
232625 
232645 
232649 
232656 
232660 
232664 
232666 
232667 
232682 
232688 
232701 
232711 
233915 
233916 
233985 
233986 
233998 
234000 
234002 
234007 
234008 
234009 
234010 
234011 
234015 
234016 
234017 
234019 
234036 
234037 
234041 
234051 
234073 
234105 
234107 
234113 
234117 
234146 
234171 
234172 
234173 
234182 
234185 
234193 
234195 
234202 
234229 
234246 
234251 
234267 
234269 
234270 
234271 
234280 
234286 
234287 
234304 
234327 
234333 
234353 
234357 
234381 
234386 
234451 
235585 
235648 
235649 
235654 
235657 
235658 
235688 
235689 
235690 
235702 
235707 
235708 
235711 
235749 
235756 
235760 
235764 
235769 
235773 
235783 
235823 
235839 
235844 
235865 
235874 
235879 
235911 
235914 
235925 
235948 
235949 
235953 
235959 
235961 
235963 
235964 
235988 
235990 
235992 
236008 
236018 
236096 
236125 
237216 
237253 
237278 
237279 
237280 
237288 
237293 
237296 
237300 
237301 
237347 
237350 
237353 
237354 
237368 
237381 
237382 
237390 
237415 
237417 
237423 
237424 
237445 
237462 
237475 
237477 
237481 
237488 
237493 
237511 
237514 
237518 
237528 
237556 
237592 
237598 
237613 
237615 
237622 
237706 
238924 
238954 
238965 
239022 
239023 
239040 
239043 
239059 
239084 
239088 
239104 
239108 
239111 
239113 
239130 
239144 
239155 
239164 
239165 
239175 
239183 
239208 
239219 
239242 
239244 
239250 
239260 
239264 
239265 
239266 
239267 
239270 
239273 
239279 
239282 
239287 
239294 
239303 
239343 
239355 
239356 
239366 
239367 
239386 
239392 
240737 
240740 
240745 
240751 
240752 
240771 
240772 
240775 
240777 
240786 
240787 
240812 
240836 
240847 
240862 
240863 
240869 
240870 
240912 
240918 
240976 
240986 
240993 
240998 
241001 
241024 
241043 
241047 
241048 
241077 
241081 
241097 
241102 
241103 
241106 
241123 
241128 
241139 
242409 
242469 
242471 
242483 
242489 
242499 
242501 
242502 
242515 
242520 
242546 
242555 
242568 
242578 
242587 
242602 
242624 
242629 
242639 
242644 
242652 
242665 
242668 
242676 
242682 
242683 
242693 
242695 
242696 
242701 
242715 
242719 
242725 
242737 
242741 
242751 
242766 
242780 
242795 
242801 
242806 
242811 
242815 
242829 
242836 
242837 
242838 
242839 
242846 
244083 
244097 
244098 
244115 
244135 
244176 
244178 
244181 
244207 
244217 
244239 
244241 
244256 
244260 
244284 
244316 
244341 
244342 
244343 
244353 
244354 
244360 
244367 
244387 
244388 
244409 
244410 
244417 
244436 
244442 
244465 
244478 
244495 
244502 
244506 
244515 
244624 
245771 
245872 
245878 
245880 
245888 
245898 
245899 
245911 
245914 
245959 
245961 
245972 
245984 
245991 
246008 
246016 
246028 
246043 
246050 
246052 
246055 
246056 
246065 
246075 
246113 
246117 
246122 
246153 
246167 
246189 
246199 
246200 
246210 
246237 
246238 
246246 
246247 
247577 
247593 
247628 
247643 
247644 
247649 
247657 
247666 
247669 
247674 
247677 
247715 
247716 
247717 
247726 
247731 
247777 
247778 
247792 
247812 
247815 
247842 
247851 
247858 
247871 
247875 
247881 
247884 
247898 
247925 
247926 
247932 
247933 
247946 
247948 
247958 
247970 
247976 
247981 
247982 
248002 
248003 
248087 
249374 
249379 
249384 
249386 
249387 
249410 
249426 
249429 
249435 
249479 
249490 
249517 
249521 
249526 
249541 
249544 
249554 
249561 
249574 
249615 
249620 
249621 
249636 
249637 
249643 
249644 
249651 
249692 
249702 
249724 
249737 
249740 
249747 
249750 
249753 
249777 
249778 
249790 
251072 
251077 
251081 
251098 
251109 
251114 
251133 
251141 
251150 
251166 
251183 
251189 
251192 
251205 
251206 
251209 
251220 
251233 
251235 
251236 
251237 
251258 
251301 
251328 
251329 
251330 
251364 
251367 
251369 
251376 
251377 
251383 
251392 
251396 
251415 
251419 
251427 
251429 
251453 
251458 
251460 
251472 
251482 
252705 
252741 
252785 
252788 
252789 
252798 
252799 
252812 
252861 
252867 
252875 
252882 
252899 
252910 
252911 
252912 
252918 
252930 
252934 
252939 
252940 
252941 
252952 
252957 
252972 
252987 
253009 
253012 
253016 
253020 
253042 
253051 
253059 
253061 
253064 
253086 
253102 
253103 
253107 
253113 
253114 
253117 
253138 
253164 
253167 
253172 
253249 
254450 
254471 
254484 
254517 
254519 
254520 
254542 
254572 
254573 
254587 
254606 
254622 
254626 
254636 
254638 
254639 
254650 
254667 
254671 
254679 
254681 
254684 
254714 
254761 
254777 
254778 
254779 
254806 
254812 
254832 
254841 
254873 
254874 
254882 
254894 
254899 
254931 
256226 
256229 
256255 
256296 
256301 
256310 
256311 
256312 
256313 
256333 
256337 
256345 
256352 
256364 
256391 
256398 
256404 
256413 
256414 
256417 
256419 
256434 
256442 
256476 
256484 
256486 
256501 
256517 
256538 
256545 
256557 
256568 
256569 
256571 
256572 
256574 
256597 
256606 
256607 
256622 
256642 
256650 
256651 
256660 
256665 
256672 
256681 
256683 
256688 
256702 
256713 
257916 
257936 
257995 
257996 
257997 
257998 
258001 
258014 
258017 
258030 
258035 
258038 
258040 
258057 
258065 
258070 
258084 
258114 
258117 
258161 
258198 
258204 
258215 
258226 
258230 
258235 
258250 
258265 
258283 
258303 
258304 
258313 
258327 
258328 
258329 
258330 
258341 
258344 
258362 
258386 
258388 
258393 
259680 
259681 
259725 
259728 
259732 
259733 
259734 
259735 
259736 
259741 
259742 
259743 
259744 
259751 
259759 
259761 
259767 
259768 
259771 
259778 
259793 
259850 
259854 
259885 
259895 
259913 
259916 
259917 
259933 
259948 
259950 
259980 
259987 
259991 
260013 
260034 
260035 
260040 
260051 
260053 
260059 
260071 
260092 
260101 
260103 
260110 
260138 
260139 
260141 
260154 
260194 
260267 
261348 
261409 
261413 
261415 
261419 
261425 
261436 
261437 
261451 
261459 
261468 
261506 
261513 
261517 
261529 
261547 
261556 
261570 
261579 
261603 
261609 
261613 
261625 
261631 
261640 
261646 
261654 
261655 
261656 
261657 
261663 
261675 
261694 
261695 
261699 
261720 
261724 
261725 
261735 
261745 
261760 
261770 
261775 
261776 
261788 
261794 
261799 
261802 
261803 
263033 
263072 
263090 
263094 
263104 
263117 
263130 
263135 
263149 
263152 
263161 
263167 
263176 
263181 
263214 
263217 
263222 
263233 
263234 
263238 
263241 
263248 
263257 
263283 
263286 
263318 
263320 
263321 
263327 
263328 
263348 
263370 
263375 
263379 
263397 
263401 
263403 
263410 
263413 
263414 
263421 
263422 
263423 
263424 
263425 
263430 
263435 
263441 
263446 
263448 
263449 
263468 
263470 
263471 
263477 
264786 
264812 
264816 
264820 
264834 
264837 
264852 
264861 
264874 
264882 
264892 
264899 
264900 
264901 
264905 
264913 
264915 
264923 
264934 
264936 
264942 
264952 
264953 
264957 
264968 
264969 
264970 
264971 
264980 
264999 
265007 
265011 
265023 
265047 
265056 
265061 
265063 
265069 
265098 
265106 
265109 
265117 
265119 
265133 
265134 
265135 
265137 
265139 
265154 
265158 
265163 
265164 
265165 
265172 
265184 
265193 
265197 
265326 
265327 
266423 
266425 
266439 
266442 
266499 
266506 
266507 
266508 
266509 
266512 
266514 
266518 
266531 
266532 
266533 
266572 
266611 
266650 
266657 
266661 
266684 
266711 
266721 
266736 
266752 
266763 
266772 
266776 
266794 
266812 
266813 
266814 
266823 
266838 
266846 
266852 
266871 
268187 
268205 
268264 
268270 
268279 
268281 
268284 
268295 
268300 
268308 
268342 
268349 
268356 
268369 
268376 
268408 
268409 
268412 
268420 
268425 
268434 
268459 
268467 
268472 
268475 
268485 
268498 
268504 
268516 
268541 
268547 
268552 
268555 
268557 
268563 
268581 
268592 
268601 
268602 
268663 
268699 
269774 
269822 
269866 
269874 
269883 
269898 
269905 
269906 
269914 
269940 
269953 
269960 
269968 
269969 
269987 
270010 
270011 
270013 
270020 
270029 
270039 
270054 
270083 
270090 
270103 
270105 
270108 
270128 
270137 
270144 
270145 
270147 
270148 
270156 
270170 
270182 
270191 
270230 
270231 
270255 
270256 
270260 
270369 
270379 
271612 
271615 
271616 
271632 
271639 
271640 
271644 
271648 
271651 
271654 
271655 
271688 
271689 
271699 
271717 
271730 
271734 
271740 
271747 
271748 
271754 
271771 
271783 
271808 
271867 
271870 
271898 
271911 
271921 
271930 
271933 
271934 
271935 
271945 
271948 
271954 
272106 
272107 
273191 
273287 
273294 
273302 
273313 
273337 
273340 
273362 
273400 
273401 
273403 
273404 
273416 
273420 
273421 
273488 
273502 
273504 
273514 
273526 
273531 
273544 
273545 
273553 
273554 
273560 
273571 
273580 
273587 
273588 
273589 
273592 
273594 
273598 
273599 
273610 
273616 
273617 
273621 
273622 
273623 
273742 
274880 
274885 
274904 
274912 
274962 
274965 
274971 
274992 
274993 
275000 
275006 
275060 
275074 
275088 
275089 
275090 
275092 
275124 
275125 
275146 
275155 
275168 
275173 
275181 
275197 
275205 
275210 
275218 
275223 
275246 
275247 
275264 
275265 
275270 
275299 
275322 
276543 
276570 
276573 
276611 
276629 
276630 
276632 
276638 
276639 
276653 
276657 
276662 
276672 
276676 
276691 
276692 
276702 
276779 
276813 
276858 
276876 
276877 
276894 
276907 
276918 
276942 
276959 
276964 
276965 
276972 
276982 
276985 
276999 
277010 
277017 
277025 
277026 
278268 
278312 
278314 
278316 
278325 
278337 
278342 
278346 
278401 
278409 
278433 
278435 
278436 
278452 
278462 
278468 
278469 
278475 
278488 
278502 
278509 
278513 
278519 
278524 
278529 
278546 
278547 
278555 
278590 
278592 
278601 
278602 
278627 
278631 
278637 
278669 
278671 
278689 
278698 
278720 
279958 
279965 
279969 
279989 
280003 
280004 
280005 
280006 
280017 
280022 
280031 
280043 
280044 
280050 
280071 
280085 
280096 
280136 
280160 
280162 
280175 
280180 
280188 
280192 
280193 
280228 
280229 
280239 
280250 
280254 
280269 
280274 
280281 
280294 
280310 
280318 
280327 
280422 
280467 
281578 
281588 
281639 
281640 
281641 
281646 
281647 
281659 
281666 
281672 
281689 
281690 
281699 
281700 
281708 
281731 
281742 
281752 
281762 
281766 
281779 
281796 
281818 
281832 
281847 
281848 
281849 
281873 
281875 
281900 
281917 
281921 
281929 
281930 
281935 
281948 
281974 
281978 
283285 
283305 
283307 
283320 
283342 
283380 
283384 
283390 
283398 
283410 
283430 
283431 
283439 
283440 
283441 
283448 
283450 
283463 
283465 
283466 
283470 
283481 
283496 
283528 
283531 
283543 
283548 
283549 
283561 
283570 
283585 
283621 
283634 
283638 
283639 
283652 
283659 
283667 
283772 
283775 
283790 
284860 
284928 
284930 
284934 
284936 
284937 
284945 
284946 
284952 
284953 
284956 
284957 
284959 
284960 
284963 
284999 
285022 
285027 
285033 
285044 
285073 
285080 
285081 
285084 
285095 
285124 
285129 
285140 
285149 
285155 
285156 
285199 
285202 
285207 
285233 
285234 
285245 
285260 
285264 
285268 
285280 
285298 
285319 
285320 
286564 
286592 
286604 
286605 
286613 
286619 
286628 
286632 
286643 
286646 
286665 
286695 
286705 
286716 
286735 
286762 
286772 
286786 
286809 
286822 
286825 
286835 
286852 
286855 
286856 
286857 
286859 
286872 
286874 
286890 
286891 
286892 
286911 
286928 
286939 
286949 
286952 
286954 
286965 
286985 
286986 
288286 
288289 
288358 
288370 
288371 
288396 
288407 
288411 
288412 
288421 
288422 
288425 
288433 
288440 
288457 
288458 
288460 
288472 
288498 
288521 
288567 
288586 
288612 
288617 
288623 
288634 
288650 
288651 
288663 
288707 
288714 
288722 
288824 
289897 
289913 
289937 
289941 
289946 
289955 
289966 
289984 
290010 
290031 
290036 
290044 
290064 
290065 
290077 
290091 
290126 
290128 
290133 
290138 
290163 
290181 
290204 
290205 
290206 
290209 
290220 
290237 
290242 
290255 
290256 
290257 
290259 
290261 
290275 
290282 
290285 
290297 
290322 
290324 
290332 
290445 
291584 
291600 
291645 
291646 
291647 
291663 
291666 
291673 
291688 
291695 
291702 
291726 
291737 
291751 
291766 
291767 
291769 
291795 
291810 
291811 
291813 
291817 
291848 
291861 
291873 
291878 
291890 
291891 
291893 
291899 
291900 
291915 
291933 
291945 
291949 
291956 
291964 
291965 
291972 
291984 
291991 
291994 
291995 
291996 
292024 
293271 
293273 
293289 
293316 
293340 
293346 
293349 
293350 
293351 
293369 
293376 
293382 
293385 
293422 
293438 
293447 
293448 
293449 
293450 
293473 
293477 
293491 
293492 
293510 
293533 
293538 
293553 
293557 
293560 
293567 
293576 
293583 
293593 
293607 
293615 
293662 
293690 
293691 
293694 
293718 
293780 
294903 
294924 
294998 
294999 
295010 
295021 
295024 
295033 
295040 
295042 
295045 
295050 
295052 
295053 
295055 
295100 
295103 
295107 
295110 
295116 
295117 
295118 
295134 
295157 
295171 
295174 
295176 
295186 
295191 
295197 
295210 
295212 
295223 
295244 
295254 
295255 
295261 
295275 
295290 
295291 
295293 
295327 
295328 
295330 
295336 
295337 
295346 
295363 
295366 
295370 
295371 
295372 
295373 
295385 
295440 
295444 
296666 
296707 
296711 
296712 
296713 
296729 
296731 
296755 
296776 
296786 
296797 
296802 
296805 
296816 
296819 
296831 
296864 
296865 
296876 
296877 
296882 
296883 
296885 
296888 
296889 
296892 
296901 
296903 
296914 
296915 
296930 
296937 
296943 
296971 
296972 
296974 
296998 
297012 
297018 
297023 
297059 
297060 
297061 
297067 
297085 
297086 
297100 
297101 
297123 
298357 
298366 
298410 
298413 
298414 
298416 
298431 
298451 
298474 
298483 
298536 
298537 
298562 
298567 
298574 
298575 
298592 
298596 
298606 
298619 
298620 
298631 
298632 
298647 
298657 
298664 
298666 
298675 
298676 
298686 
298706 
298714 
298726 
298727 
298739 
298747 
298769 
298770 
298788 
298789 
298796 
298866 
298905 
300035 
300076 
300085 
300101 
300114 
300121 
300124 
300141 
300142 
300143 
300149 
300150 
300152 
300160 
300180 
300186 
300197 
300199 
300203 
300207 
300214 
300233 
300234 
300248 
300261 
300270 
300275 
300276 
300298 
300310 
300331 
300344 
300345 
300356 
300368 
300376 
300377 
300385 
300398 
300399 
300400 
300412 
300416 
300438 
300447 
300455 
300465 
300468 
300473 
300480 
300536 
301723 
301747 
301748 
301809 
301816 
301825 
301831 
301837 
301843 
301850 
301852 
301857 
301861 
301881 
301890 
301901 
301911 
301916 
301929 
301930 
301953 
301954 
301993 
302009 
302019 
302036 
302039 
302044 
302062 
302075 
302083 
302086 
302089 
302093 
302094 
302097 
302100 
302104 
302108 
302109 
302113 
302119 
302122 
302123 
302124 
302129 
302136 
302137 
302144 
302153 
302172 
302181 
302255 
303420 
303425 
303459 
303478 
303502 
303512 
303513 
303514 
303522 
303527 
303528 
303537 
303538 
303544 
303561 
303562 
303564 
303565 
303600 
303601 
303604 
303633 
303650 
303671 
303696 
303699 
303708 
303729 
303741 
303743 
303744 
303758 
303768 
303769 
303772 
303773 
303787 
303794 
303803 
303804 
303815 
303827 
303828 
303836 
303838 
303844 
303850 
303852 
303863 
303879 
303884 
303889 
303898 
303907 
304005 
304025 
305137 
305156 
305160 
305161 
305163 
305176 
305186 
305204 
305218 
305231 
305233 
305237 
305242 
305245 
305248 
305287 
305294 
305304 
305312 
305329 
305409 
305420 
305421 
305432 
305434 
305437 
305446 
305472 
305506 
305513 
305536 
305545 
305564 
305565 
305588 
305591 
305592 
305596 
305598 
305599 
305717 
305731 
306822 
306857 
306890 
306913 
306915 
306917 
306918 
306937 
306951 
306961 
306970 
306981 
306991 
306997 
307000 
307035 
307036 
307037 
307045 
307062 
307063 
307069 
307076 
307089 
307119 
307140 
307142 
307149 
307154 
307182 
307187 
307211 
307218 
307221 
307245 
307254 
307259 
307275 
307285 
307291 
307319 
308498 
308505 
308539 
308581 
308589 
308594 
308595 
308596 
308605 
308609 
308611 
308620 
308621 
308628 
308682 
308710 
308716 
308725 
308743 
308744 
308753 
308763 
308769 
308779 
308801 
308806 
308807 
308811 
308812 
308829 
308849 
308862 
308868 
308869 
308876 
308882 
308886 
308916 
308923 
308927 
308944 
308962 
309062 
310152 
310153 
310166 
310222 
310224 
310233 
310245 
310246 
310247 
310252 
310255 
310275 
310285 
310303 
310305 
310308 
310320 
310334 
310346 
310348 
310349 
310361 
310368 
310375 
310377 
310378 
310393 
310407 
310428 
310434 
310437 
310440 
310452 
310464 
310466 
310480 
310491 
310492 
310495 
310527 
310528 
310542 
310546 
310554 
310561 
310563 
310564 
310569 
310581 
310582 
310585 
310594 
310595 
311865 
311888 
311908 
311934 
311937 
311942 
311951 
311964 
311976 
312007 
312013 
312016 
312029 
312034 
312047 
312103 
312106 
312110 
312124 
312128 
312138 
312165 
312170 
312178 
312185 
312196 
312225 
312230 
312232 
312234 
312258 
312275 
312277 
312278 
312280 
312297 
312396 
313492 
313509 
313565 
313568 
313569 
313577 
313579 
313588 
313604 
313605 
313609 
313616 
313630 
313635 
313644 
313646 
313654 
313661 
313671 
313712 
313765 
313767 
313773 
313783 
313797 
313808 
313822 
313832 
313836 
313887 
313896 
313920 
313924 
313925 
314037 
315165 
315180 
315232 
315233 
315249 
315251 
315254 
315256 
315257 
315258 
315277 
315278 
315280 
315310 
315324 
315345 
315349 
315371 
315388 
315390 
315399 
315404 
315405 
315406 
315409 
315456 
315463 
315492 
315498 
315538 
315552 
315555 
315576 
315591 
315592 
315597 
315607 
315620 
315624 
315633 
315762 
315763 
316881 
316910 
316953 
316954 
316963 
316977 
316997 
317023 
317029 
317036 
317037 
317051 
317070 
317077 
317087 
317088 
317101 
317104 
317105 
317113 
317116 
317125 
317129 
317134 
317141 
317153 
317167 
317174 
317183 
317191 
317196 
317220 
317226 
317231 
317234 
317240 
317245 
317267 
317268 
317269 
317270 
317271 
317290 
317291 
317301 
317308 
317320 
317321 
317324 
317333 
317337 
317345 
317421 
318591 
318595 
318675 
318676 
318691 
318699 
318700 
318703 
318712 
318715 
318716 
318718 
318720 
318759 
318766 
318772 
318777 
318793 
318826 
318840 
318841 
318842 
318850 
318868 
318871 
318877 
318890 
318892 
318906 
318930 
318934 
318935 
318968 
318970 
318973 
318975 
318978 
318985 
318990 
318993 
319000 
319008 
319019 
319021 
319035 
319067 
319070 
319073 
319074 
319075 
319076 
319162 
320308 
320322 
320361 
320395 
320428 
320436 
320445 
320457 
320458 
320461 
320464 
320465 
320471 
320484 
320485 
320486 
320487 
320493 
320499 
320500 
320514 
320521 
320536 
320539 
320540 
320548 
320578 
320587 
320602 
320603 
320616 
320622 
320631 
320632 
320633 
320649 
320660 
320671 
320700 
320732 
321918 
321961 
321969 
321972 
321987 
321997 
322010 
322012 
322015 
322028 
322053 
322066 
322092 
322093 
322094 
322095 
322117 
322126 
322131 
322158 
322172 
322173 
322175 
322183 
322184 
322192 
322195 
322201 
322202 
322203 
322209 
322238 
322239 
322240 
322247 
322248 
322258 
322268 
322279 
322287 
322294 
322306 
322322 
322325 
322416 
322442 
323556 
323616 
323617 
323664 
323686 
323692 
323701 
323723 
323725 
323770 
323775 
323778 
323788 
323840 
323841 
323842 
323843 
323853 
323870 
323881 
323882 
323886 
323910 
323912 
323916 
323919 
323923 
323928 
323933 
323934 
323935 
323936 
323937 
323945 
323963 
323977 
323979 
323987 
323990 
323991 
324000 
324013 
324036 
324042 
324047 
324048 
324054 
324064 
324086 
324092 
325320 
325341 
325342 
325349 
325410 
325422 
325429 
325430 
325431 
325442 
325443 
325444 
325453 
325492 
325497 
325498 
325503 
325511 
325562 
325566 
325569 
325575 
325596 
325630 
325634 
325635 
325660 
325661 
325697 
325701 
325710 
325722 
325723 
325724 
325751 
325752 
327070 
327123 
327128 
327130 
327135 
327139 
327140 
327154 
327171 
327177 
327178 
327205 
327206 
327222 
327223 
327229 
327231 
327244 
327263 
327278 
327289 
327290 
327308 
327338 
327344 
327345 
327353 
327387 
327428 
327443 
327469 
327476 
327483 
327484 
327505 
327506 
327507 
328725 
328726 
328770 
328771 
328782 
328783 
328815 
328825 
328827 
328828 
328836 
328888 
328897 
328900 
328903 
328909 
328916 
328923 
328961 
328966 
328972 
328978 
328983 
328987 
328990 
328997 
329001 
329006 
329027 
329045 
329056 
329075 
329076 
329098 
329128 
329147 
329155 
329165 
329166 
329172 
329173 
329189 
330476 
330485 
330489 
330502 
330503 
330515 
330518 
330570 
330593 
330614 
330619 
330623 
330635 
330649 
330668 
330736 
330737 
330738 
330739 
330748 
330760 
330776 
330778 
330784 
330793 
330798 
330806 
330807 
330815 
330820 
330833 
330841 
330866 
330963 
332129 
332134 
332149 
332170 
332177 
332183 
332192 
332200 
332204 
332210 
332223 
332247 
332250 
332269 
332277 
332292 
332297 
332308 
332323 
332326 
332338 
332361 
332365 
332368 
332408 
332433 
332451 
332452 
332460 
332469 
332470 
332478 
332489 
332497 
332507 
332523 
332535 
332538 
332548 
332563 
332569 
332683 
333854 
333857 
333868 
333883 
333887 
333928 
333943 
333956 
333957 
333961 
333964 
334002 
334007 
334008 
334022 
334029 
334035 
334036 
334041 
334078 
334087 
334105 
334111 
334113 
334125 
334127 
334128 
334132 
334133 
334152 
334154 
334161 
334162 
334165 
334166 
334170 
334188 
334190 
334195 
334206 
334211 
334222 
334223 
334230 
334246 
334255 
335528 
335530 
335549 
335593 
335597 
335600 
335601 
335623 
335636 
335640 
335646 
335647 
335664 
335665 
335674 
335684 
335685 
335688 
335693 
335695 
335725 
335726 
335730 
335746 
335753 
335756 
335771 
335772 
335805 
335821 
335822 
335826 
335830 
335858 
335865 
335866 
335884 
335885 
335886 
335890 
335910 
335917 
335931 
335944 
335953 
335962 
336023 
337164 
337171 
337173 
337218 
337225 
337234 
337235 
337236 
337237 
337238 
337243 
337256 
337258 
337263 
337273 
337284 
337285 
337286 
337293 
337321 
337323 
337325 
337334 
337354 
337355 
337357 
337381 
337383 
337384 
337396 
337399 
337403 
337423 
337429 
337433 
337436 
337444 
337455 
337462 
337466 
337468 
337469 
337470 
337471 
337481 
337482 
337503 
337504 
337508 
337513 
337514 
337517 
337521 
337535 
337554 
337561 
337568 
337579 
337580 
337596 
337601 
337602 
338844 
338904 
338914 
338920 
338940 
338944 
338945 
338961 
338962 
338963 
338988 
338996 
339015 
339024 
339050 
339052 
339060 
339076 
339095 
339098 
339104 
339105 
339108 
339119 
339139 
339161 
339162 
339168 
339178 
339183 
339194 
339198 
339201 
339206 
339215 
339218 
339224 
339225 
339228 
339230 
339251 
339266 
340486 
340526 
340570 
340572 
340573 
340576 
340577 
340587 
340592 
340599 
340629 
340640 
340651 
340683 
340694 
340696 
340708 
340709 
340710 
340711 
340717 
340744 
340761 
340762 
340765 
340784 
340786 
340795 
340805 
340827 
340834 
340836 
340843 
340855 
340856 
340862 
340869 
340877 
340888 
340910 
340916 
340940 
340941 
342175 
342211 
342213 
342225 
342229 
342233 
342234 
342235 
342245 
342246 
342256 
342261 
342274 
342304 
342313 
342322 
342325 
342328 
342333 
342338 
342340 
342351 
342359 
342364 
342372 
342381 
342404 
342405 
342439 
342477 
342480 
342482 
342491 
342518 
342522 
342555 
342557 
342560 
342566 
342586 
342590 
342622 
342623 
342750 
343865 
343866 
343884 
343933 
343938 
343939 
343949 
343951 
343958 
343961 
343963 
343966 
343977 
344018 
344037 
344044 
344059 
344064 
344067 
344072 
344082 
344083 
344085 
344116 
344129 
344138 
344139 
344149 
344163 
344166 
344180 
344181 
344201 
344203 
344211 
344226 
344227 
344228 
344236 
344240 
344242 
344243 
344254 
344262 
344263 
344270 
344280 
344286 
344290 
344302 
344385 
345590 
345593 
345595 
345605 
345611 
345622 
345623 
345624 
345646 
345655 
345681 
345718 
345720 
345753 
345767 
345777 
345796 
345821 
345838 
345857 
345895 
345903 
345904 
345906 
345907 
345919 
345924 
345944 
345951 
345953 
345954 
345966 
345967 
345995 
346001 
347214 
347219 
347227 
347241 
347257 
347291 
347308 
347322 
347325 
347326 
347329 
347338 
347339 
347340 
347345 
347350 
347353 
347360 
347361 
347364 
347379 
347393 
347398 
347401 
347408 
347411 
347414 
347416 
347417 
347429 
347436 
347443 
347450 
347451 
347458 
347463 
347464 
347469 
347474 
347476 
347482 
347513 
347527 
347531 
347544 
347546 
347549 
347577 
347588 
347608 
347609 
347621 
347630 
347631 
347638 
347645 
347651 
347655 
347658 
347660 
347667 
347668 
347692 
347791 
347809 
348940 
348971 
349013 
349015 
349041 
349042 
349063 
349075 
349084 
349099 
349100 
349103 
349112 
349121 
349137 
349164 
349165 
349171 
349175 
349185 
349187 
349195 
349218 
349229 
349247 
349248 
349258 
349259 
349260 
349285 
349299 
349306 
349310 
349319 
349362 
349363 
349370 
349473 
349482 
350641 
350659 
350662 
350663 
350669 
350683 
350684 
350686 
350693 
350694 
350695 
350708 
350717 
350743 
350785 
350805 
350843 
350845 
350869 
350884 
350924 
350935 
350940 
350941 
350945 
350979 
350980 
350986 
350995 
350997 
350998 
351017 
351023 
351083 
352301 
352325 
352334 
352352 
352363 
352375 
352378 
352379 
352382 
352385 
352387 
352394 
352396 
352398 
352406 
352412 
352416 
352421 
352422 
352441 
352449 
352450 
352460 
352463 
352465 
352471 
352482 
352495 
352510 
352515 
352526 
352534 
352535 
352564 
352565 
352570 
352576 
352597 
352598 
352615 
352619 
352641 
352648 
352669 
352701 
352704 
352709 
352714 
352732 
352740 
352743 
353954 
354014 
354016 
354017 
354021 
354022 
354023 
354043 
354056 
354062 
354063 
354080 
354081 
354108 
354120 
354157 
354186 
354187 
354201 
354216 
354218 
354245 
354254 
354259 
354267 
354271 
354276 
354288 
354312 
354318 
354323 
354333 
354336 
354341 
354366 
354367 
354375 
354399 
354407 
354436 
355705 
355707 
355716 
355744 
355746 
355749 
355751 
355757 
355758 
355761 
355788 
355799 
355800 
355804 
355813 
355846 
355853 
355859 
355870 
355874 
355913 
355915 
355940 
355945 
355952 
355999 
356001 
356012 
356026 
356031 
356046 
356052 
356056 
356075 
357320 
357332 
357364 
357370 
357373 
357374 
357376 
357377 
357378 
357381 
357382 
357421 
357451 
357453 
357470 
357475 
357482 
357491 
357509 
357514 
357527 
357541 
357563 
357574 
357588 
357590 
357591 
357597 
357604 
357621 
357623 
357628 
357636 
357678 
357690 
357696 
357698 
357702 
357705 
357720 
357732 
357832 
358433 
358673 
358875 
358956 
358986 
359003 
359088 
359259 
359422 
359647 
359675 
359799 
359810 
359815 
359833 
359902 
360021 
360057 
379260 
379553 
379554 
379565 
379566 
379567 
379568 
379576 
379583 
379698 
379715 
379846 
379899 
379900 
379901 
379902 
379936 
379947 
379948 
379949 
379950 
380085 
380150 
380160 
380167 
380200 
380201 
380263 
380264 
380265 
380284 
380339 
380340 
380439 
380499 
380500 
380501 
380552 
380560 
380617 
380718 
380822 
380825 
380849 
380909 
380910 
380920 
380921 
380928 
380929 
380932 
380933 
380934 
380935 
380950 
380951 
380952 
380953 
380954 
380963 
380983 
380984 
381001 
381002 
381004 
381021 
381026 
381028 
381029 
381030 
381042 
381044 
381068 
381089 
381090 
381091 
381092 
381093 
381094 
381095 
381096 
381097 
381098 
381099 
381103 
381113 
381114 
381129 
381131 
381136 
381137 
381139 
381140 
381141 
381142 
381147 
381148 
381149 
381150 
381151 
381152 
381153 
381154 
381155 
381156 
381157 
381158 
381159 
381160 
381161 
381162 
381163 
381164 
381165 
381192 
381193 
381194 
381195 
381196 
381197 
381219 
381224 
381225 
381237 
381238 
381239 
381321 
381367 
381368 
381369 
381370 
381379 
381388 
381389 
381411 
381440 
381441 
381442 
381443 
381444 
381453 
381454 
381506 
381507 
381508 
381564 
381581 
381582 
381583 
381584 
381585 
381586 
381587 
381588 
381589 
381590 
381591 
381593 
381606 
381607 
381631 
381632 
381637 
381645 
381646 
381647 
381648 
381659 
381679 
381680 
381718 
381738 
381739 
381740 
381741 
381770 
381776 
381777 
381778 
381779 
381780 
381795 
381796 
381797 
381798 
381809 
381810 
381811 
381822 
381833 
381834 
381835 
381839 
381840 
381883 
381884 
381885 
381886 
381887 
381888 
381889 
381897 
381898 
381899 
381937 
381938 
381939 
381940 
381941 
382002 
382059 
382060 
382061 
382103 
382104 
382105 
382163 
382225 
382226 
382227 
382228 
382235 
382236 
382237 
382238 
382239 
382240 
382275 
382276 
382350 
382357 
382484 
382485 
382502 
382503 
382507 
382511 
382512 
382513 
382514 
382515 
382516 
382517 
382538 
382539 
382540 
382541 
382560 
382561 
382571 
382596 
382597 
382604 
382612 
382617 
382618 
382647 
382649 
382650 
382651 
382652 
382690 
382691 
382692 
382709 
382710 
382729 
382730 
382769 
382770 
382771 
382772 
382780 
382781 
382787 
382795 
382843 
382844 
382868 
382869 
382870 
382913 
382914 
382915 
382916 
382917 
382918 
382919 
382920 
382932 
382972 
382973 
382974 
382975 
382976 
382977 
382978 
382979 
383062 
383126 
383147 
383155 
383156 
383157 
383158 
383159 
383161 
383162 
383163 
383164 
383167 
383168 
383169 
383176 
383177 
383178 
383222 
383223 
383224 
383225 
383226 
383227 
383257 
383258 
383259 
383260 
383289 
383296 
383297 
383347 
383409 
383418 
383446 
383460 
383480 
383539 
383540 
383595 
383660 
383673 
383681 
383697 
383714 
383718 
383719 
383720 
383721 
383722 
383723 
383724 
383725 
383745 
383752 
383753 
383754 
383755 
383756 
383757 
383758 
383759 
383760 
383761 
383766 
383767 
383780 
383831 
383832 
383833 
383853 
383878 
383879 
383880 
383881 
383956 
383957 
383958 
383959 
383960 
383961 
383993 
383994 
383995 
383996 
384019 
384020 
384029 
384030 
384031 
384035 
384036 
384037 
384038 
384039 
384040 
384041 
384042 
384043 
384060 
384061 
384062 
384081 
384133 
384134 
384142 
384177 
384178 
384197 
384260 
384261 
384262 
384263 
384280 
384304 
384323 
384324 
384345 
384346 
384380 
384414 
384475 
384517 
384518 
384527 
384551 
384552 
384553 
384554 
384556 
384557 
384558 
384559 
384573 
384581 
384582 
384583 
384584 
384585 
384601 
384627 
384628 
384685 
384719 
384720 
384758 
384759 
384760 
384761 
384762 
384763 
384769 
384770 
384800 
384801 
384802 
384807 
384845 
384890 
384891 
384938 
384939 
384940 
384941 
384942 
384956 
384957 
384961 
384962 
384963 
384964 
384965 
384966 
384967 
384975 
384976 
384984 
384985 
385035 
385036 
385037 
385038 
385039 
385042 
385076 
385141 
385142 
385144 
385145 
385163 
385164 
385165 
385167 
385256 
385257 
385258 
385301 
385302 
385303 
385304 
385305 
385307 
385308 
385332 
385333 
385334 
385375 
385376 
385377 
385378 
385383 
385384 
385385 
385386 
385387 
385388 
385395 
385396 
385397 
385398 
385399 
385400 
385403 
385404 
385405 
385406 
385407 
385408 
385409 
385410 
385411 
385413 
385414 
385415 
385416 
385438 
385444 
385512 
385513 
385515 
385516 
385517 
385518 
385519 
385616 
385617 
385647 
385648 
385660 
385670 
385718 
385728 
385729 
385730 
385731 
385732 
385781 
385782 
385783 
385808 
385809 
385810 
385811 
385817 
385829 
385850 
385851 
385852 
385853 
385864 
385865 
385866 
385874 
385913 
385914 
385915 
385916 
385917 
385968 
385989 
385990 
385991 
385992 
385993 
385994 
385995 
385996 
385997 
385998 
385999 
386003 
386004 
386005 
386037 
386050 
386053 
386054 
386058 
386059 
386097 
386143 
386168 
386169 
386170 
386171 
386198 
386199 
386200 
386201 
386247 
386248 
386280 
386286 
386293 
386294 
386296 
386297 
386298 
386300 
386301 
386302 
386303 
386304 
386305 
386308 
386339 
386340 
386343 
386344 
386345 
386346 
386360 
386361 
386362 
386363 
386404 
386405 
386406 
386413 
386414 
386516 
386517 
386518 
386519 
386573 
386574 
386575 
386580 
386581 
386582 
386583 
386584 
386666 
386667 
386668 
386676 
386677 
386678 
386679 
386725 
386726 
386751 
386793 
386796 
386797 
386828 
386830 
386831 
386832 
386833 
386840 
386841 
386842 
386849 
386850 
386851 
386852 
386854 
386855 
386856 
386857 
386966 
386967 
386968 
386969 
386997 
387007 
387008 
387009 
387010 
387027 
387047 
387048 
387056 
387057 
387058 
387062 
387063 
387096 
387155 
387170 
387171 
387182 
387207 
387208 
387228 
387229 
387250 
387251 
387263 
387264 
387265 
387272 
387273 
387274 
387310 
387311 
387312 
387313 
387314 
387315 
387316 
387323 
387324 
387325 
387326 
387327 
387328 
387338 
387348 
387349 
387355 
387356 
387357 
387455 
387456 
387569 
387570 
387571 
387572 
387573 
387574 
387575 
387628 
387629 
387672 
387676 
387677 
387678 
387700 
387712 
387743 
387744 
387764 
387765 
387766 
387767 
387770 
387773 
387807 
387808 
387836 
387837 
387838 
387839 
387844 
387879 
387881 
387882 
387883 
387884 
387885 
387886 
387887 
387889 
387890 
387891 
387892 
388309 
388313 
389850 
390801 
390805 
390811 
391353 
391484 
391683 
391684 
391692 
392523 
392531 
393349 
393363 
393382 
394129 
394132 
394143 
394146 
394680 
394754 
394947 
394969 
394986 
395793 
395811 
395813 
395829 
396598 
396632 
396634 
397396 
397416 
397428 
397431 
397437 
397444 
398202 
398215 
398218 
398221 
398227 
399007 
399070 
399079 
399684 
399866 
399869 
400659 
400670 
400674 
400685 
400696 
400703 
400706 
402272 
402282 
402315 
402326 
402963 
403979 
403985 
404001 
404004 
404778 
404788 
404789 
404793 
404811 
404818 
404819 
405660 
406445 
406449 
407066 
407233 
407258 
407259 
407263 
408726 
408940 
408948 
408966 
408979 
409421 
409703 
409709 
409722 
409732 
409749 
409755 
409761 
409763 
409779 
410568 
410572 
411397 
411405 
411407 
411428 
412146 
412172 
412210 
413817 
413844 
413846 
413857 
414426 
414701 
414711 
415461 
416287 
416307 
416320 
416322 
417091 
417103 
417111 
417684 
417896 
418681 
418715 
419155 
419521 
419528 
419537 
420331 
420333 
420378 
420391 
420396 
421008 
421186 
421197 
421210 
421219 
421232 
421234 
421236 
421244 
422095 
422659 
422870 
422888 
423553 
423554 
423556 
423677 
423715 
423724 
424344 
424362 
424547 
424588 
425224 
425344 
425346 
425359 
425383 
425392 
426011 
426139 
426168 
426173 
427027 
427030 
427853 
427895 
427896 
428661 
428662 
428670 
428690 
428707 
428710 
428711 
429343 
430113 
430331 
430348 
431083 
431089 
431100 
431120 
431639 
431927 
431937 
431943 
431985 
432791 
432795 
432807 
433597 
433622 
433627 
434421 
434428 
434436 
434445 
435238 
435242 
435244 
435260 
436058 
436082 
436095 
436897 
437705 
437713 
437726 
437738 
438340 
438510 
438523 
438527 
438532 
438540 
438542 
439321 
439329 
439360 
439376 
439384 
439394 
440140 
440821 
440991 
440992 
441830 
442458 
442612 
442628 
443452 
443466 
443507 
444272 
444304 
445187 
445202 
445976 
446030 
446031 
446873 
446876 
446880 
447517 
447694 
447710 
448489 
448499 
448501 
448522 
449125 
449340 
449352 
449359 
450073 
450690 
450867 
450898 
450902 
450904 
451705 
451706 
451725 
452195 
452510 
452520 
452539 
453237 
453286 
454020 
454030 
454454 
454815 
454842 
454861 
454865 
455669 
455673 
456203 
456436 
456440 
456451 
457233 
457249 
457264 
457869 
458074 
458103 
458110 
458910 
458911 
458913 
458920 
459419 
459685 
459734 
460531 
460556 
460576 
460588 
461106 
461340 
461364 
461373 
461388 
462024 
462210 
462211 
462239 
462240 
462833 
462846 
462986 
463001 
463011 
463028 
463840 
464470 
464657 
465461 
465987 
466244 
466280 
466282 
467046 
467067 
467071 
467075 
467082 
467821 
467857 
467864 
467876 
467877 
467880 
467891 
468403 
468681 
468693 
468706 
468709 
469267 
469502 
469505 
469509 
470320 
470341 
470362 
471141 
471145 
471163 
471669 
471949 
471967 
472785 
472817 
473295 
473579 
473598 
473604 
473620 
473627 
474183 
474504 
475068 
475069 
475316 
475328 
475338 
475345 
475892 
476177 
476180 
476183 
476187 
476198 
476204 
476221 
476222 
477009 
477616 
477800 
477813 
477823 
477829 
477830 
479060 
479373 
481682 
481713 
481716 
481742 
481751 
481756 
482538 
484984 
484995 
485160 
485178 
485179 
485186 
485211 
485266 
485290 
485311 
485336 
485377 
485394 
485404 
485417 
485486 
485494 
485529 
485570 
485612 
485686 
485730 
485731 
485775 
485790 
485793 
485794 
485802 
485814 
485822 
485839 
485870 
485876 
485906 
485909 
485920 
485965 
485967 
485968 
485970 
485982 
485985 
485986 
486009 
486045 
492957 
492967 
493006 
493034 
493057 
493061 
493091 
493095 
493152 
493160 
493161 
493168 
493170 
493171 
493173 
493179 
493181 
493188 
493193 
493203 
493206 
493207 
493220 
493235 
493237 
493241 
493244 
493247 
493313 
493314 
493353 
493388 
493488 
493670 
493793 
493803 
493825 
493830 
493989 
494118 
494156 
494185 
494304 
494308 
494323 
494357 
494391 
494395 
494492 
494501 
494510 
494519 
494526 
494595 
494604 
494614 
494631 
525103 
525187 
525251 
525256 
525265 
525293 
525297 
525715 
525747 
525877 
525879 
525892 
525893 
527899 
527922 
527994 
527997 
528035 
528059 
528069 
528092 
528109 
528129 
528160 
528260 
528331 
528346 
528349 
528355 
528362 
528370 
528373 
528396 
528478 
528483 
528501 
528509 
528537 
528566 
528625 
528629 
528668 
528709 
528717 
528720 
528730 
528744 
528830 
528853 
528856 
528880 
528900 
528901 
528955 
528958 
528977 
528984 
529016 
529056 
529057 
529108 
529142 
529197 
529199 
529375 
529397 
529427 
529433 
529451 
529490 
529501 
529518 
529527 
529538 
529541 
529561 
529567 
529574 
529617 
529618 
529654 
529655 
529657 
529662 
529665 
529709 
529711 
529738 
529743 
529760 
529838 
529841 
529857 
529870 
529871 
529955 
529956 
529968 
529971 
529973 
530014 
530039 
530058 
530060 
530074 
530079 
530082 
530114 
530154 
530181 
530187 
530200 
530217 
530225 
530301 
530310 
530317 
530331 
530777 
530781 
530782 
530783 
530811 
530812 
530916 
530917 
530920 
530921 
531366 
531447 
531456 
531515 
531580 
531586 
531602 
531603 
531611 
531618 
531629 
531630 
531635 
531639 
531645 
531647 
531649 
531650 
531662 
531679 
531683 
531684 
531685 
531691 
531726 
531727 
531733 
531735 
531741 
531749 
531752 
531779 
531807 
531823 
531841 
580477 
580548 
580556 
582236 
582344 
582376 
582415 
582441 
582488 
582499 
582542 
582557 
582562 
582566 
585283 
585285 
585286 
587279 
587321 
587385 
590005 
590009 
590012 
590066 
591722 
591840 
591877 
591889 
591906 
591907 
592049 
592050 
592053 
594720 
594721 
594724 
594799 
596605 
596621 
596628 
596667 
596681 
596690 
596709 
596793 
596806 
596826 
596841 
599440 
601380 
601398 
601435 
601537 
604281 
604316 
604336 
604353 
606194 
606219 
606246 
606272 
606273 
606281 
606384 
606394 
606396 
606400 
606404 
609155 
609156 
609159 
611118 
611130 
611135 
611141 
611147 
611165 
611170 
611247 
611272 
611286 
611287 
611290 
615802 
615811 
615821 
615885 
615906 
615923 
615972 
616022 
618741 
618760 
618792 
620717 
620724 
620731 
620754 
620792 
620856 
620873 
620881 
623671 
623739 
623745 
625539 
625540 
625547 
625680 
625704 
625708 
628416 
628429 
628433 
628434 
628463 
628504 
630357 
630388 
630422 
630548 
630550 
630552 
633214 
633224 
633289 
633291 
635179 
635226 
635227 
635296 
635336 
635373 
635378 
635385 
638046 
638053 
638057 
638118 
638120 
638121 
638122 
639963 
639966 
639975 
640063 
640067 
640145 
640147 
640148 
642825 
642827 
642876 
642883 
644738 
644740 
644777 
644779 
644782 
644805 
644818 
644827 
644832 
644872 
644917 
644920 
644942 
647751 
647769 
649463 
649636 
649650 
649674 
649678 
649695 
649699 
649704 
649715 
649718 
649764 
649821 
652572 
654568 
654598 
654601 
654627 
654629 
654716 
654724 
657480 
657506 
659435 
659449 
659463 
659491 
659500 
659511 
659518 
659618 
659623 
662332 
664298 
664334 
664337 
664383 
664396 
664428 
664505 
664516 
667261 
667291 
667309 
667322 
669133 
669281 
669337 
669366 
669420 
669433 
669463 
669472 
669476 
672232 
674021 
674035 
674050 
674062 
674115 
674122 
674123 
674127 
674252 
676941 
676955 
676978 
676980 
677008 
678898 
678899 
678991 
679020 
679024 
679040 
679082 
679097 
681781 
681797 
683803 
683810 
686482 
686555 
686556 
688267 
688441 
688480 
688482 
688497 
688584 
688609 
691406 
691455 
693328 
693333 
693344 
693381 
693435 
693522 
696327 
696333 
698181 
698186 
698201 
698203 
698228 
698234 
698272 
698364 
701016 
701033 
701096 
701109 
702851 
702887 
703018 
703032 
703040 
703094 
703108 
703123 
703141 
703209 
703214 
703219 
703223 
705950 
705957 
705963 
705973 
706017 
707932 
707950 
707963 
707972 
707992 
708027 
708042 
708064 
708079 
708135 
710806 
710809 
710818 
710820 
710845 
710895 
710896 
710905 
710908 
712789 
712800 
712816 
712821 
712825 
712836 
712840 
712845 
712855 
712856 
712911 
712939 
712991 
712999 
713000 
715727 
715728 
715781 
717464 
717627 
717646 
717688 
717707 
717725 
717782 
717812 
717836 
720581 
720590 
720641 
720653 
722362 
722524 
722538 
722539 
722544 
722552 
722575 
722613 
722727 
722734 
722743 
725511 
725546 
725584 
727339 
727530 
727632 
727636 
727666 
727667 
727670 
727675 
730330 
730342 
732409 
732422 
732431 
732451 
732476 
732489 
735214 
737085 
737099 
737132 
737141 
737164 
737172 
737238 
737254 
737257 
737259 
737275 
739939 
739943 
741844 
741847 
741855 
741908 
741960 
741969 
742014 
744755 
744759 
744761 
746751 
746784 
746820 
746826 
746843 
746846 
746849 
746852 
746938 
746941 
746943 
746944 
749683 
749697 
749726 
749756 
749759 
751558 
751638 
751666 
751672 
751678 
751716 
751761 
751766 
751769 
754458 
754463 
754478 
754479 
754510 
754518 
754520 
754521 
756312 
756330 
756340 
756399 
756414 
756429 
756434 
756473 
756530 
756535 
759273 
759357 
760976 
761191 
761221 
761241 
761283 
761330 
761339 
764116 
764189 
764222 
766087 
766099 
766109 
766111 
766112 
766149 
766158 
766178 
766188 
766216 
766221 
766313 
768964 
768974 
769019 
769024 
769027 
770979 
770981 
770986 
770987 
771034 
771068 
771073 
773803 
773808 
773888 
775773 
775807 
775829 
775838 
775922 
775926 
778738 
778786 
780635 
780639 
780643 
780703 
780709 
780729 
780741 
780848 
783595 
783604 
783643 
783662 
783665 
783667 
785600 
785626 
785633 
785634 
785666 
785673 
785685 
785695 
785781 
785784 
788544 
788548 
788633 
790416 
790566 
790591 
790645 
790670 
790693 
790715 
790739 
790753 
790756 
793506 
795442 
795486 
795487 
795517 
795607 
795614 
798270 
798276 
798280 
798314 
798343 
798348 
798349 
800253 
800279 
800280 
800339 
800435 
803146 
803156 
803184 
803216 
803219 
804931 
805109 
805129 
805163 
805176 
805178 
805183 
805198 
805278 
805281 
805282 
805288 
805293 
807919 
807973 
807974 
807993 
809804 
809805 
809909 
809972 
809987 
810006 
810015 
812675 
812677 
812680 
814646 
814647 
814659 
814681 
814685 
814699 
814736 
814748 
814750 
817574 
817577 
817594 
817607 
817637 
819529 
819565 
819586 
819614 
819652 
819672 
819673 
819681 
819699 
819700 
819707 
819711 
819720 
822452 
822474 
822477 
822504 
822534 
824377 
824443 
827350 
827354 
827377 
827399 
827417 
829131 
829136 
829169 
829183 
829356 
829360 
829417 
832240 
832250 
832301 
832305 
834132 
834148 
834154 
834171 
834175 
834187 
834197 
834223 
834234 
834260 
834268 
834270 
834341 
834343 
834348 
834349 
834352 
834356 
836960 
837043 
837046 
838950 
838985 
838997 
839045 
839065 
839087 
839137 
839144 
839147 
841834 
841903 
843797 
843811 
843820 
843847 
843851 
843871 
843904 
843954 
843967 
844013 
844015 
844031 
846727 
846728 
846795 
846797 
846801 
848570 
848733 
848747 
848752 
848875 
848879 
851597 
851608 
851609 
851627 
853320 
853473 
853485 
853510 
853547 
853553 
853604 
853697 
856485 
856491 
856495 
856497 
856499 
856501 
856544 
856546 
856560 
858437 
858459 
858510 
858518 
858519 
858541 
858549 
858552 
858632 
858638 
858647 
858648 
861404 
861405 
861437 
861460 
861469 
863266 
863271 
863275 
863285 
863346 
863353 
863364 
863455 
863465 
863467 
866187 
866190 
866191 
866198 
866238 
868085 
868092 
868093 
868102 
868123 
868139 
868165 
868175 
868253 
872824 
872839 
872840 
872850 
872852 
872892 
872934 
872937 
872945 
875649 
875652 
875742 
877689 
877690 
877700 
877742 
877771 
877789 
877797 
877836 
877838 
877886 
877895 
880558 
880564 
880566 
880583 
880596 
882388 
882511 
882525 
882555 
882563 
882598 
882615 
882629 
882662 
882696 
882701 
882702 
882710 
885365 
885420 
885426 
885427 
887070 
887216 
887294 
887330 
887333 
887345 
887381 
887421 
890044 
890054 
890096 
891814 
891958 
891975 
891978 
892037 
892042 
892140 
892142 
892144 
892164 
894839 
894849 
894852 
894854 
894864 
894893 
894917 
894918 
894926 
896847 
896856 
896925 
896957 
897003 
897004 
897009 
897022 
899742 
901645 
901655 
901695 
901703 
901730 
901737 
901738 
901771 
901799 
904545 
904547 
904581 
904592 
904605 
904620 
906366 
906378 
906552 
906574 
906584 
906607 
906608 
906695 
906703 
909412 
909420 
909434 
909440 
911343 
911357 
911364 
911404 
911422 
911431 
911501 
911504 
911505 
911506 
911508 
911512 
911516 
914139 
914207 
914209 
916061 
916069 
916086 
916188 
916229 
918904 
918905 
918910 
918916 
920844 
920859 
920862 
920873 
920889 
920903 
921020 
921026 
921027 
923803 
925736 
925751 
925795 
925846 
925847 
925905 
925937 
928652 
928657 
930532 
930554 
930648 
930667 
930668 
930691 
930706 
930707 
930711 
930716 
930717 
930721 
930722 
933421 
933501 
935129 
935274 
935330 
935382 
935409 
935485 
935500 
938210 
938211 
938217 
940238 
940250 
940349 
940402 
940404 
940407 
940408 
940410 
940414 
940418 
940428 
943140 
943146 
943212 
945103 
945203 
945262 
948104 
949880 
949884 
950083 
950091 
950105 
950118 
950134 
950140 
950141 
950155 
950161 
950210 
950249 
950254 
952961 
952962 
952967 
952973 
953022 
954921 
954937 
955077 
957821 
957865 
959719 
959738 
959756 
959757 
959780 
959826 
959832 
959935 
959936 
962614 
962629 
962644 
962681 
964335 
964343 
964504 
964550 
964591 
964592 
964709 
964715 
967426 
967436 
967438 
967459 
967462 
967500 
969383 
969386 
969427 
969446 
969453 
969479 
969559 
972381 
972391 
972394 
972439 
972470 
974189 
974332 
974376 
974436 
974481 
974489 
974533 
974534 
974535 
979178 
979220 
982040 
982051 
983748 
983922 
983944 
983951 
983959 
983989 
984004 
984005 
984042 
984044 
984107 
986816 
986820 
986823 
986879 
988773 
988784 
988830 
988856 
988857 
988865 
988928 
988939 
988986 
991709 
991713 
991743 
991775 
993663 
993664 
993666 
993673 
993678 
993680 
993693 
993711 
993749 
993807 
993815 
993883 
993892 
996579 
996659 
996669 
998417 
998688 
998692 
998737 
1001514 
1001515 
1001529 
1001536 
1001604 
1003371 
1003536 
1003541 
1003552 
1003578 
1003587 
1003677 
1006384 
1006385 
1006421 
1006447 
1008164 
1008281 
1008293 
1008328 
1008399 
1008421 
1008483 
1011187 
1011194 
1011273 
1013079 
1013142 
1013153 
1013163 
1013165 
1013169 
1013182 
1013218 
1013219 
1013287 
1013295 
1016001 
1016010 
1016013 
1016016 
1016017 
1016018 
1016068 
1016074 
1016078 
1016080 
1018008 
1018016 
1018052 
1018094 
1018111 
1018114 
1020784 
1020788 
1020792 
1020800 
1020819 
1020845 
1022690 
1022720 
1022752 
1022755 
1022810 
1022854 
1022899 
1022904 
1022911 
1025614 
1025683 
1025691 
1027598 
1027637 
1027678 
1027742 
1027744 
1027791 
1030491 
1030496 
1030503 
1032423 
1032427 
1032441 
1032493 
1032509 
1032510 
1032536 
1032540 
1032563 
1032564 
1032567 
1032615 
1035318 
1035320 
1035393 
1037142 
1037147 
1037321 
1037322 
1037355 
1037376 
1037392 
1037394 
1037395 
1040211 
1040216 
1040279 
1042177 
1042295 
1042318 
1045088 
1045096 
1045166 
1047010 
1047033 
1047035 
1047049 
1047054 
1047100 
1047118 
1047125 
1047154 
1047191 
1047201 
1047213 
1049811 
1051744 
1051759 
1051820 
1051827 
1051860 
1051944 
1054691 
1056437 
1056463 
1056627 
1056650 
1056654 
1056684 
1056688 
1056795 
1056797 
1056798 
1056799 
1056807 
1059565 
1059569 
1059633 
1059648 
1061555 
1061561 
1061566 
1061577 
1061635 
1061671 
1061677 
1061678 
1064264 
1064265 
1064303 
1066188 
1066195 
1066227 
1066228 
1066258 
1066327 
1066368 
1066370 
1069109 
1069110 
1069113 
1069126 
1069162 
1071086 
1071106 
1071107 
1071120 
1071159 
1073868 
1073870 
1073907 
1073923 
1073944 
1075830 
1075871 
1075895 
1075923 
1075959 
1076003 
1076016 
1078593 
1078598 
1080515 
1080535 
1080575 
1080581 
1080583 
1080641 
1080722 
1080724 
1080728 
1080729 
1080731 
1080734 
1083462 
1083467 
1083518 
1083534 
1085340 
1085351 
1085364 
1085376 
1085384 
1085412 
1085438 
1085484 
1085495 
1085552 
1088271 
1088272 
1088281 
1088282 
1090220 
1090230 
1090237 
1090302 
1093150 
1093170 
1093196 
1093215 
1093230 
1095071 
1095076 
1095097 
1095109 
1095121 
1095129 
1095135 
1097886 
1097890 
1097909 
1099796 
1099813 
1099825 
1099836 
1099852 
1099897 
1099918 
1099925 
1099930 
1099933 
1099968 
1099999 
1100011 
1100024 
1100033 
1102790 
1102794 
1102843 
1104580 
1104726 
1104759 
1104763 
1104864 
1104906 
1104913 
1107623 
1107636 
1109605 
1109618 
1109632 
1109655 
1109748 
1109754 
1112483 
1112488 
1112500 
1112503 
1112571 
1112594 
1112599 
1112623 
1112665 
1112670 
1112680 
1112692 
1112693 
1112694 
1112697 
1112708 
1112709 
1112725 
1112733 
1112736 
1112740 
1112741 
1112742 
1112751 
1112752 
1112758 
1112760 
1112785 
1112793 
1112804 
1112816 
1112818 
1112865 
1112951 
1112975 
1112976 
1112977 
1113000 
1113055 
1113093 
1113122 
1113123 
1113244 
1113250 
1113478 
1113518 
1113601 
1113686 
1113687 
1113725 
1113785 
1113871 
1113886 
1113893 
1113895 
1113958 
1113989 
1113993 
1114007 
1114009 
1114017 
1114049 
1114064 
1114085 
1114091 
1114117 
1114204 
1114214 
1114220 
1114275 
1114316 
1554385 
1554431 
1554448 
1579102 
1579113 
1579120 
1603808 
1603817 
1603869 
1603885 
1628413 
1628425 
1628429 
1653043 
1653056 
1653066 
1653067 
1653068 
1653093 
1677423 
1677428 
1677476 
1677488 
1677517 
1702132 
1702148 
1702149 
1702238 
1726881 
1726886 
1726887 
1726891 
1726893 
1726904 
1726963 
1726968 
1726976 
1726978 
1751683 
1751708 
1751711 
1751753 
1751787 
1776500 
1801106 
1801110 
1801118 
1801119 
1801120 
1801121 
1801127 
1801212 
1825791 
1825809 
1825845 
1825849 
1825887 
1850344 
1850356 
1850357 
1850362 
1875125 
1875127 
1875129 
1875168 
1875205 
1875207 
1875208 
1899681 
1899691 
1899765 
1924306 
1924321 
1948879 
1948884 
1948889 
1948890 
1948899 
1948939 
1948946 
1973681 
1973683 
1973719 
1973730 
1973756 
1998234 
1998235 
1998247 
1998248 
1998292 
1998312 
1998325 
1998326 
2022653 
2022715 
2022716 
2047204 
2047205 
2072081 
2072090 
2072104 
2072105 
2072106 
2096517 
2096518 
2096542 
2121114 
2121117 
2121195 
2121207 
2121210 
2145810 
2145820 
2145829 
2145884 
2145898 
2145915 
2145917 
2145919 
2170465 
2195429 
2195430 
2195463 
2195471 
2195518 
2195521 
2195532 
2195538 
2195540 
2219932 
2219970 
2220001 
2244559 
2269297 
2269317 
2293794 
2293809 
2293851 
2293876 
2293878 
2293884 
2318307 
2318315 
2318329 
2318333 
2318378 
2342751 
2342779 
2342832 
2367227 
2367237 
2367254 
2391843 
2391853 
2391895 
2391929 
2391940 
2416207 
2416215 
2416269 
2416295 
2416300 
2440639 
2440697 
2465111 
2465121 
2465197 
2465209 
2465213 
2489785 
2489791 
2489807 
2514516 
2514524 
2539197 
2539221 
2539238 
2539263 
2563848 
2588579 
2588587 
2588599 
2588606 
2588614 
2588663 
2588670 
2613015 
2613024 
2613026 
2613079 
2613101 
2613115 
2637413 
2637422 
2637431 
2637432 
2637434 
2637482 
2637491 
2637507 
2661909 
2661937 
2661964 
2661966 
2661982 
2662001 
2662013 
2686666 
2686667 
2686703 
2686716 
2686728 
2686739 
2711169 
2711171 
2711207 
2711217 
2711236 
2711251 
2711260 
2735720 
2735732 
2735733 
2735735 
2735795 
2735796 
2760423 
2760429 
2760442 
2760509 
2785029 
2785049 
2785090 
2809463 
2809472 
2809473 
2809474 
2809525 
2809555 
2834087 
2834088 
2834090 
2834093 
2834095 
2834096 
2834105 
2858816 
2858817 
2858818 
2858868 
2858877 
2883659 
2883677 
2907903 
2907927 
2907967 
2932436 
2932447 
2932484 
2932494 
2932510 
2932515 
2932522 
2956931 
2956936 
2956946 
2956996 
2981418 
2981483 
3006047 
3006132 
3030456 
3030471 
3030474 
3030547 
3055143 
3055146 
3055195 
3055221 
3055232 
3055233 
3055236 
3079761 
3079762 
3079764 
3079842 
3079846 
3104302 
3104349 
3104356 
3129057 
3153508 
3153516 
3153546 
3153590 
3178267 
3178279 
3178334 
3178337 
3178345 
3202764 
3202769 
3202775 
3202858 
3227345 
3227368 
3227374 
3227387 
3227428 
3252088 
3252122 
3252150 
3252164 
3252174 
3276401 
3276423 
3276476 
3300995 
3301025 
3325443 
3325533 
3350035 
3350043 
3350084 
3350127 
3374476 
3374482 
3374489 
3398965 
3399023 
3399027 
3399039 
3423750 
3423751 
3423760 
3448155 
3448166 
3448171 
3448174 
3448201 
3448250 
3448251 
3448252 
3472665 
3472667 
3472681 
3472682 
3472746 
3472751 
3472753 
3472755 
3472758 
3497146 
3497232 
3497253 
3521882 
3521931 
3521939 
3521941 
3521942 
3521954 
3546694 
3546699 
3546700 
3571161 
3571163 
3571231 
3595860 
3595926 
3620409 
3620413 
3620462 
3620483 
3645117 
3645141 
3645228 
3669578 
3669605 
3669665 
3693956 
3718720 
3718724 
3718819 
3743116 
3743126 
3743127 
3743191 
3767791 
3767792 
3767801 
3767854 
3767856 
3767858 
3792288 
3792289 
3792295 
3792307 
3792360 
3816898 
3816918 
3816957 
3816959 
3816982 
3841469 
3841470 
3841471 
3841475 
3841514 
3865985 
3866031 
3890283 
3890342 
3890349 
3914892 
3914902 
3914907 
3914915 
3939315 
3939333 
3939347 
3964152 
3964157 
3964186 
3964190 
3964193 
3988683 
3988688 
3988689 
3988699 
3988700 
3988702 
3988704 
3988737 
4013369 
4037881 
4037883 
4037884 
4037918 
4037963 
4037973 
4037984 
4062353 
4062362 
4062442 
4062451 
4086876 
4086881 
4086895 
4086971 
4111452 
4135957 
4160634 
4160638 
4160649 
4160650 
4160675 
4185404 
4185417 
4185421 
4185442 
4185465 
4210082 
4210084 
4210164 
4234736 
4234762 
4234778 
4234783 
4446949 
4446950 
4447090 
4447149 
4447258 
4447259 
4447355 
4447507 
4447551 
4448033 
4448038 
4448128 
4448261 
4448842 
4448908 
4449335 
4449421 
4449441 
4449484 
4449601 
4449602 
4449682 
4449744 
4449745 
4449950 
4449951 
4450427 
4450459 
4450749 
4451112 
4451194 
4451474 
4451493 
4451691 
4451804 
4451889 
4451990 
4451991 
4451998 
4452002 
4452022 
4452087 
4452098 
4452470 
4452500 
4452707 
4462188 
4471778 
4471832 
4481043 
4490434 
4490518 
4490519 
4490563 
4499769 
4509199 
4518503 
4518522 
4518557 
4527977 
4537482 
4537582 
4537585 
4547004 
4547038 
4547128 
4556206 
4556272 
4565845 
4565901 
4575366 
4584785 
4584851 
4594345 
4594427 
4603517 
4603696 
4612973 
4612989 
4613004 
4622304 
4631783 
4631902 
4631960 
4632011 
4632058 
4632086 
4641229 
4641350 
4650695 
4650733 
4650843 
4650877 
4650953 
4650978 
4660107 
4660276 
4660315 
4660316 
4660321 
4669539 
4688430 
4707364 
4707368 
4707490 
4707646 
4717008 
4726742 
4736157 
4745386 
4745409 
4745473 
4754777 
4764047 
4764132 
4764271 
4792452 
4792490 
4792516 
4792678 
4801844 
4801933 
4811404 
4811520 
4839597 
4848805 
4848861 
4848919 
4848931 
4848953 
4849051 
4849094 
4858406 
4858452 
4858504 
4858608 
4858627 
4867798 
4868071 
4877436 
4886722 
4886757 
4896038 
4905314 
4905322 
4905341 
4905476 
4914750 
4914802 
4914994 
4924331 
4933817 
4933940 
4952498 
4952655 
4952740 
4971571 
4971615 
4980652 
4980680 
4980904 
4990042 
4990181 
4999381 
4999651 
5009080 
5018405 
5027525 
5027642 
5027695 
5037088 
5037095 
5037161 
5046310 
5046366 
5065347 
5074574 
5074632 
5074634 
5074678 
5074730 
5093416 
5093489 
5093524 
5093527 
5102856 
5102877 
5103045 
5103067 
5112300 
5112379 
5112428 
5112478 
5112511 
5121631 
5121758 
5130962 
5131132 
5131161 
5131204 
5131235 
5140476 
5140527 
5140622 
5149945 
5159152 
5159362 
5159394 
5177765 
5177963 
5187367 
5196364 
5196383 
5196391 
5196400 
5196603 
5196666 
5206096 
5206109 
5206119 
5206171 
5206216 
5215383 
5215499 
5215542 
5224811 
5224846 
5234251 
5243462 
5243528 
5252988 
5253004 
5253043 
5271611 
5271626 
5271687 
5271928 
5280881 
5281034 
5281035 
5299937 
5309411 
5309441 
5309521 
5318757 
5318802 
5318832 
5318834 
5318881 
5318958 
5319024 
5319032 
5328116 
5328130 
5328131 
5337418 
5337541 
5337620 
5337682 
5337726 
5347274 
5356499 
5365878 
5375276 
5384550 
5384756 
5394100 
5403682 
5412874 
5412894 
5412914 
5413085 
5422217 
5431887 
5431903 
5441299 
5450999 
5460075 
5460108 
5460110 
5460145 
5460164 
5469688 
5479044 
5488387 
5488435 
5488472 
5488525 
5488526 
5488529 
5488530 
5488531 
5488564 
5488566 
5488616 
5488653 
5488668 
5488932 
5488934 
5488935 
5488956 
5489087 
5489088 
5489089 
5489121 
5489167 
5489168 
5489174 
5489190 
5489191 
5489229 
5489246 
5489267 
5489368 
5489369 
5489431 
5489492 
5489725 
5489747 
5489754 
5489811 
5489812 
5489894 
5489895 
5489957 
5489959 
5489974 
5489975 
5489976 
5489977 
5490278 
5490327 
5490328 
5490342 
5490452 
5490454 
5490467 
5490468 
5490490 
5490582 
5490590 
5490599 
5490619 
5490620 
5490714 
5490715 
5490716 
5490717 
5490913 
5490924 
5491094 
5491095 
5491097 
5491098 
5491099 
5491100 
5491211 
5491213 
5491218 
5491221 
5491223 
5491238 
5491246 
5491250 
5491293 
5491306 
5491311 
5491353 
5491354 
5491355 
5491358 
5491359 
5491360 
5491445 
5491446 
5491500 
5491508 
5491584 
5491625 
5491634 
5491702 
5491705 
5491706 
5491879 
5491917 
5491918 
5492006 
5492125 
5492197 
5492198 
5492207 
5492208 
5492308 
5492309 
5492386 
5492387 
5492446 
5492471 
5492485 
5492619 
5492622 
5492651 
5492745 
5492746 
5492747 
5492767 
5492801 
5492842 
5492880 
5492881 
5492883 
5492906 
5492934 
5492935 
5492960 
5492961 
5492977 
5493058 
5493059 
5493089 
5493133 
5493136 
5493150 
5493324 
5493381 
5493382 
5493383 
5493384 
5493385 
5493386 
5493411 
5493418 
5493419 
5493445 
5493546 
5493547 
5493556 
5493593 
5493630 
5493686 
5493788 
5493789 
5493950 
5494091 
5494098 
5494220 
5494247 
5494248 
5494249 
5494250 
5494253 
5494254 
5494255 
5494291 
5494307 
5494308 
5494351 
5494584 
5494654 
5494655 
5494705 
5494706 
5494788 
5494827 
5494846 
5494893 
5494935 
5495085 
5495143 
5495181 
5495182 
5495183 
5495184 
5495247 
5495256 
5495276 
5495293 
5495294 
5495295 
5495296 
5495297 
5495298 
5495338 
5495368 
5495374 
5495375 
5495395 
5495427 
5495428 
5495438 
5495495 
5495496 
5495498 
5495510 
5495515 
5495517 
5495518 
5495519 
5495520 
5495521 
5495532 
5495580 
5495586 
5495597 
5495603 
5495621 
5495622 
5495623 
5495627 
5495634 
5495669 
5495684 
5495786 
5495787 
5495804 
5495860 
5495874 
5495875 
5495910 
5496001 
5496074 
5496261 
5496391 
5496412 
5496425 
5496444 
5496468 
5496469 
5496470 
5496485 
5496520 
5496555 
5571801 
5571810 
5571811 
5571874 
5571903 
5571990 
5572017 
5572029 
5572052 
5572053 
5572133 
5572166 
5572177 
5572184 
5576520 
5576547 
5576589 
5576632 
5576647 
5576672 
5576732 
5576733 
5576760 
5576821 
5581126 
5581161 
5581179 
5581195 
5581221 
5581261 
5581279 
5581287 
5581326 
5581332 
5581357 
5581380 
5581397 
5581421 
5581429 
5581433 
5581439 
5585697 
5585778 
5585802 
5585852 
5585957 
5586013 
5586014 
5586028 
5586029 
5586048 
5586093 
5586115 
5590349 
5590377 
5590466 
5590467 
5590505 
5590550 
5590612 
5590649 
5590654 
5590715 
5590725 
5590737 
5594973 
5594981 
5595045 
5595100 
5595121 
5595137 
5595142 
5595144 
5595176 
5595205 
5595219 
5595278 
5595283 
5595297 
5595302 
5595313 
5599619 
5599643 
5599668 
5599736 
5599739 
5599753 
5599758 
5599773 
5599813 
5599989 
5604392 
5604426 
5604434 
5604495 
5604531 
5604549 
5604621 
5604623 
5604748 
5604757 
5609073 
5609121 
5609162 
5609180 
5609283 
5609298 
5609414 
5609426 
5609438 
5613773 
5613788 
5613810 
5613826 
5613871 
5613896 
5613954 
5613970 
5613984 
5613989 
5614033 
5614118 
5614120 
5614123 
5614142 
5614163 
5614194 
5618406 
5618423 
5618427 
5618481 
5618559 
5618700 
5618708 
5622922 
5622934 
5623037 
5623133 
5623183 
5623184 
5623205 
5623247 
5623401 
5627764 
5627848 
5627851 
5627870 
5627887 
5628096 
5628113 
5628115 
5628133 
5628154 
5632472 
5632479 
5632528 
5632554 
5632609 
5632627 
5632672 
5632687 
5632702 
5632709 
5632830 
5632845 
5632849 
5632857 
5632867 
5637125 
5637126 
5637149 
5637163 
5637228 
5637336 
5637429 
5637432 
5637437 
5637440 
5637480 
5637502 
5637518 
5637525 
5637540 
5641780 
5641810 
5641826 
5641834 
5641858 
5641865 
5641875 
5641887 
5641996 
5642090 
5642096 
5642127 
5642137 
5646321 
5646334 
5646341 
5646418 
5646490 
5646491 
5646507 
5646520 
5646550 
5646563 
5646644 
5646666 
5646711 
5651125 
5651143 
5651147 
5651154 
5651159 
5651173 
5651190 
5651282 
5651287 
5651301 
5651303 
5651313 
5651354 
5651361 
5651364 
5655594 
5655677 
5655692 
5655714 
5655715 
5655775 
5655788 
5655946 
5655959 
5655964 
5655967 
5656013 
5656018 
5660254 
5660276 
5660277 
5660280 
5660294 
5660298 
5660328 
5660340 
5660397 
5660398 
5660400 
5660443 
5660458 
5660465 
5660484 
5660512 
5660518 
5660538 
5660562 
5660634 
5660667 
5660671 
5660693 
5660695 
5660717 
5660745 
5665140 
5665150 
5665165 
5665217 
5665220 
5665273 
5665362 
5665386 
5665387 
5665424 
5669665 
5669674 
5669698 
5669705 
5669734 
5669774 
5669809 
5669859 
5669907 
5669950 
5670002 
5670003 
5670006 
5670011 
5670016 
5670018 
5674440 
5674466 
5674493 
5674578 
5674597 
5674641 
5674666 
5674683 
5674688 
5674699 
5678970 
5678999 
5679052 
5679095 
5679104 
5679215 
5679219 
5679274 
5679343 
5679362 
5679414 
5679418 
5679432 
5683724 
5683837 
5683855 
5683908 
5683973 
5684043 
5684098 
5684100 
5684115 
5684135 
5688394 
5688420 
5688440 
5688472 
5688479 
5688492 
5688509 
5688636 
5688673 
5688696 
5693117 
5693121 
5693160 
5693262 
5693299 
5693325 
5693338 
5693371 
5693381 
5693411 
5693440 
5697717 
5697735 
5697888 
5697962 
5697971 
5698015 
5698023 
5698028 
5702278 
5702304 
5702376 
5702387 
5702439 
5702446 
5702527 
5702533 
5702589 
5702601 
5702612 
5702635 
5702665 
5702666 
5702671 
5702679 
5702723 
5707060 
5707117 
5707216 
5707312 
5707313 
5707327 
5707334 
5707400 
5707442 
5707457 
5707475 
5707485 
5711689 
5711713 
5711750 
5711814 
5711826 
5711867 
5711913 
5711914 
5711926 
5711939 
5711942 
5711959 
5712029 
5712030 
5712044 
5712053 
5712102 
5716382 
5716396 
5716428 
5716459 
5716479 
5716480 
5716624 
5716711 
5716769 
5720876 
5720886 
5720934 
5720969 
5721013 
5721023 
5721082 
5721095 
5721145 
5721149 
5721182 
5721186 
5721204 
5721250 
5721268 
5725609 
5725623 
5725689 
5725699 
5725713 
5725742 
5725745 
5725823 
5725829 
5725844 
5725857 
5725879 
5725880 
5725885 
5725896 
5725957 
5725965 
5725977 
5730293 
5730334 
5730340 
5730371 
5730406 
5730412 
5730421 
5730488 
5730500 
5730513 
5730540 
5730613 
5730678 
5735054 
5735061 
5735117 
5735132 
5735187 
5735256 
5735283 
5735385 
5735444 
5739703 
5739881 
5739887 
5739916 
5739962 
5739969 
5740007 
5740020 
5740058 
5740085 
5744311 
5744402 
5744435 
5744526 
5744574 
5744575 
5744602 
5744604 
5744690 
5744746 
5748869 
5748897 
5748911 
5748915 
5748935 
5748995 
5749003 
5749015 
5749019 
5749022 
5749045 
5749163 
5749215 
5753382 
5753384 
5753418 
5753486 
5753487 
5753497 
5753500 
5753534 
5753610 
5753620 
5753627 
5753661 
5753662 
5753693 
5753712 
5753790 
5757944 
5758070 
5758120 
5758129 
5758153 
5758170 
5758180 
5758221 
5758269 
5758296 
5758331 
5762524 
5762562 
5762578 
5762671 
5762761 
5762774 
5762778 
5762851 
5762854 
5762855 
5762887 
5762893 
5762900 
5767190 
5767288 
5767297 
5767335 
5767429 
5767509 
5767521 
5767533 
5767586 
5767587 
5767589 
5767592 
5771638 
5771653 
5771720 
5771740 
5771763 
5771792 
5771858 
5771888 
5771892 
5771913 
5771943 
5771946 
5772003 
5772043 
5776366 
5776399 
5776404 
5776421 
5776436 
5776449 
5776474 
5776476 
5776501 
5776502 
5776549 
5776571 
5776710 
5776723 
5776759 
5781063 
5781064 
5781101 
5781169 
5781183 
5781219 
5781262 
5781353 
5781377 
5785595 
5785622 
5785623 
5785665 
5785709 
5785743 
5785808 
5785824 
5785830 
5785841 
5785895 
5785898 
5785936 
5785941 
5790153 
5790172 
5790277 
5790305 
5790351 
5790366 
5790384 
5790472 
5790533 
5790536 
5790587 
5794880 
5794890 
5794975 
5794997 
5795006 
5795045 
5795073 
5799263 
5799264 
5799267 
5799299 
5799360 
5799477 
5799484 
5799508 
5799520 
5799647 
5799656 
5799660 
5799666 
5799667 
5799725 
5804082 
5804106 
5804116 
5804194 
5804202 
5804213 
5804224 
5804246 
5804247 
5804306 
5804339 
5804341 
5804356 
5804417 
5804471 
5804483 
5804490 
5808756 
5808775 
5808779 
5808825 
5808826 
5808857 
5808892 
5808901 
5808941 
5808948 
5808970 
5809002 
5809019 
5809083 
5809160 
5813456 
5813551 
5813553 
5813680 
5813712 
5813727 
5813728 
5818036 
5818056 
5818098 
5818112 
5818123 
5818134 
5818163 
5818168 
5818316 
5818345 
5818363 
5818371 
5818381 
5818384 
5818401 
5822633 
5822690 
5822709 
5822749 
5822792 
5822889 
5823019 
5823062 
5827309 
5827312 
5827318 
5827341 
5827376 
5827399 
5827433 
5827454 
5827483 
5827490 
5827574 
5827583 
5827589 
5827593 
5827594 
5827640 
5831936 
5831938 
5831948 
5831990 
5832026 
5832048 
5832059 
5832116 
5832153 
5832184 
5832200 
5832280 
5832287 
5832301 
5832347 
5836579 
5836651 
5836722 
5836730 
5836743 
5836761 
5836767 
5836807 
5836843 
5836855 
5836892 
5836898 
5836915 
5836965 
5841277 
5841281 
5841286 
5841363 
5841374 
5841391 
5841420 
5841502 
5841512 
5841517 
5841549 
5841589 
5841590 
5841597 
5841598 
5841654 
5841671 
5845698 
5845738 
5845809 
5845826 
5845906 
5845916 
5845935 
5845949 
5845963 
5845964 
5846032 
5846033 
5846040 
5846104 
5846105 
5846107 
5850379 
5850469 
5850506 
5850590 
5850606 
5850624 
5850639 
5850743 
5850753 
5850757 
5850793 
5850797 
5850810 
5855057 
5855063 
5855064 
5855065 
5855073 
5855105 
5855163 
5855180 
5855222 
5855235 
5855244 
5855258 
5855280 
5855331 
5855339 
5855363 
5855438 
5855462 
5855470 
5855514 
5855519 
5859764 
5859851 
5859927 
5859930 
5859960 
5860007 
5860027 
5860028 
5860043 
5860044 
5860158 
5860161 
5864415 
5864437 
5864457 
5864460 
5864507 
5864510 
5864527 
5864562 
5864639 
5864667 
5864690 
5864701 
5864763 
5864766 
5868921 
5868933 
5868995 
5869019 
5869052 
5869068 
5869151 
5869169 
5869191 
5869233 
5869236 
5869293 
5869307 
5869324 
5873629 
5873670 
5873700 
5873760 
5873778 
5873787 
5873804 
5873838 
5873845 
5873900 
5873936 
5873986 
5873989 
5873993 
5873996 
5874008 
5878329 
5878356 
5878357 
5878359 
5878416 
5878466 
5878488 
5878499 
5878524 
5878529 
5878601 
5878715 
5878716 
5878724 
5883054 
5883079 
5883166 
5883241 
5883261 
5883288 
5883339 
5883342 
5883343 
5883363 
5883405 
5887623 
5887629 
5887636 
5887658 
5887665 
5887763 
5887845 
5887880 
5887896 
5887942 
5887954 
5887957 
5887967 
5892229 
5892253 
5892280 
5892327 
5892420 
5892424 
5892582 
5892592 
5892593 
5892597 
5892625 
5892643 
5896900 
5896935 
5896945 
5896948 
5896962 
5897101 
5897102 
5897151 
5897189 
5897190 
5897205 
5897210 
5897217 
5897224 
5897282 
5901508 
5901535 
5901547 
5901566 
5901603 
5901651 
5901670 
5901718 
5901725 
5901760 
5901820 
5901847 
5901851 
5901873 
5906052 
5906100 
5906157 
5906215 
5906216 
5906309 
5906310 
5906311 
5906317 
5906334 
5906342 
5906412 
5906441 
5906444 
5906445 
5906451 
5906457 
5906521 
5910725 
5910753 
5910803 
5910820 
5910896 
5910922 
5910939 
5910945 
5911091 
5911115 
5911120 
5911152 
5915274 
5915284 
5915299 
5915376 
5915377 
5915379 
5915476 
5915478 
5915486 
5915506 
5915533 
5915640 
5915641 
5919742 
5919814 
5919855 
5919905 
5919939 
5919940 
5919978 
5920097 
5920119 
5920125 
5920142 
5924455 
5924478 
5924582 
5924629 
5924687 
5924728 
5924768 
5924820 
5924823 
5924832 
5924842 
5924884 
5929197 
5929204 
5929264 
5929281 
5929341 
5929428 
5929429 
5929486 
5929544 
5929549 
5929558 
5929604 
5929607 
5933782 
5933797 
5933798 
5933860 
5933901 
5933907 
5933974 
5933994 
5934029 
5934081 
5934090 
5934131 
5934134 
5934164 
5934166 
5938601 
5938612 
5938682 
5938705 
5938719 
5938721 
5938726 
5938759 
5938761 
5938780 
5938948 
5943166 
5943203 
5943208 
5943318 
5943483 
5943492 
5943515 
5943554 
5943557 
5943572 
5947873 
5947881 
5947895 
5947905 
5947926 
5947928 
5947929 
5947945 
5948098 
5948140 
5948214 
5948231 
5948234 
5948235 
5948247 
5948257 
5952627 
5952645 
5952653 
5952692 
5952723 
5952751 
5952754 
5952809 
5952817 
5952847 
5952872 
5952873 
5952963 
5952984 
5957288 
5957299 
5957323 
5957426 
5957459 
5957582 
5957588 
5957591 
5957650 
5957704 
5957710 
5957712 
5957731 
5957754 
5957760 
5961873 
5961944 
5961948 
5961971 
5961989 
5962017 
5962040 
5962072 
5962142 
5962154 
5962175 
5962221 
5962268 
5966622 
5966644 
5966778 
5966779 
5966786 
5966787 
5966797 
5966824 
5966856 
5966874 
5966880 
5966889 
5966890 
5966903 
5966921 
5966946 
5966949 
5967002 
5967003 
5967022 
5967023 
5967052 
5971376 
5971402 
5971450 
5971497 
5971618 
5971634 
5971635 
5971636 
5971697 
5971712 
5971722 
5971741 
5971742 
5971790 
5976097 
5976098 
5976107 
5976147 
5976177 
5976232 
5976247 
5976296 
5976338 
5976350 
5976405 
5976422 
5976469 
5976492 
5976498 
5976512 
5976557 
5980813 
5980883 
5980925 
5980937 
5980962 
5981019 
5981084 
5981097 
5981159 
5981187 
5985454 
5985475 
5985521 
5985564 
5985576 
5985577 
5985721 
5985792 
5985793 
5985795 
5985811 
5985871 
5990185 
5990208 
5990237 
5990248 
5990309 
5990483 
5990530 
5990544 
5994819 
5994832 
5994882 
5994919 
5994947 
5994993 
5995032 
5995066 
5995190 
5995226 
5999531 
5999558 
5999566 
5999572 
5999672 
5999736 
5999760 
5999834 
5999850 
5999854 
5999899 
6004107 
6004153 
6004202 
6004230 
6004237 
6004303 
6004345 
6004432 
6008740 
6008750 
6008778 
6008782 
6008806 
6008820 
6008914 
6009006 
6009023 
6009054 
6009060 
6009114 
6009117 
6009127 
6009128 
6013418 
6013430 
6013431 
6013553 
6013677 
6013713 
6013728 
6013729 
6013736 
6013740 
6013743 
6018031 
6018055 
6018097 
6018099 
6018142 
6018168 
6018192 
6018233 
6018238 
6018265 
6018284 
6018285 
6018286 
6018287 
6018319 
6018355 
6022623 
6022675 
6022677 
6022680 
6022703 
6022713 
6022756 
6022858 
6022958 
6027176 
6027262 
6027298 
6027307 
6027330 
6027426 
6027449 
6027473 
6027524 
6027530 
6027531 
6027567 
6031850 
6031943 
6031953 
6031954 
6031970 
6031975 
6032027 
6032113 
6032195 
6032205 
6032209 
6032212 
6032260 
6036573 
6036582 
6036586 
6036591 
6036592 
6036613 
6036689 
6036736 
6036818 
6036828 
6036972 
6036982 
6041252 
6041300 
6041309 
6041319 
6041421 
6041455 
6041496 
6041544 
6041584 
6041604 
6041605 
6045861 
6045864 
6045947 
6045958 
6045975 
6046022 
6046029 
6046052 
6046153 
6046159 
6046184 
6046188 
6046230 
6046245 
6046254 
6046260 
6050612 
6050651 
6050701 
6050726 
6050728 
6050733 
6050740 
6050803 
6050851 
6050852 
6050855 
6050869 
6050870 
6050873 
6050914 
6050984 
6050986 
6050990 
6051007 
6055289 
6055340 
6055412 
6055443 
6055444 
6055492 
6055493 
6055564 
6055653 
6055661 
6059992 
6060037 
6060053 
6060093 
6060107 
6060129 
6060155 
6060195 
6060198 
6060212 
6060273 
6060291 
6064577 
6064588 
6064704 
6064708 
6064844 
6064861 
6064869 
6064970 
6064980 
6065047 
6069169 
6069171 
6069182 
6069216 
6069218 
6069259 
6069289 
6069310 
6069317 
6069418 
6069426 
6069558 
6069564 
6069570 
6069589 
6073829 
6073834 
6073836 
6073889 
6073919 
6074069 
6074089 
6074117 
6074179 
6074230 
6078491 
6078589 
6078593 
6078610 
6078692 
6078821 
6078822 
6078825 
6078843 
