586919 
107144 
522299 
102743 
1003248 
51713 
915727 
37163 
736827 
42781 
1041789 
119175 
620205 
34884 
992976 
68396 
518544 
170535 
736808 
124710 
3301592 
146027 
1801820 
53891 
4210923 
69447 
1125422 
35981 
1579821 
133810 
1875794 
73833 
524416 
143815 
978747 
49407 
663614 
44935 
3129639 
169061 
2318966 
124709 
64996 
91727 
71618 
129801 
4186489 
4363701 
3031557 
752372 
2343671 
2982567 
39494 
47162 
169060 
123711 
171167 
70660 
41600 
63845 
134996 
519924 
141712 
770322 
152717 
3547348 
36055 
1007985 
103907 
959200 
99556 
1056204 
87331 
114764 
148291 
117001 
34911 
41683 
63925 
170538 
170537 
107172 
95227 
120315 
170536 
4186168 
2392395 
1037007 
149393 
600901 
129278 
152671 
169823 
50586 
56059 
47214 
104988 
107130 
97332 
38251 
119163 
37149 
106100 
136059 
48344 
169824 
79439 
915525 
101706 
939797 
55072 
712249 
120312 
765640 
53975 
663997 
103905 
954261 
133770 
75018 
48388 
170465 
132679 
170463 
99554 
136110 
107167 
1126442 
1998981 
1653769 
1653802 
3375255 
2957500 
4014063 
32674 
121390 
147204 
170464 
1007740 
170338 
819114 
31492 
2564470 
46138 
1125545 
119191 
2834829 
38275 
2908648 
45013 
2294442 
148278 
132670 
110445 
65083 
133761 
105024 
45014 
129306 
52863 
90660 
91799 
97358 
629800 
77242 
1125409 
39488 
516321 
95255 
72747 
2712002 
170325 
1099374 
132669 
1090037 
101697 
2220586 
50618 
2220574 
171034 
130402 
82868 
131562 
48415 
171032 
171031 
170326 
32661 
47235 
129305 
111494 
43953 
46137 
125911 
48375 
103896 
70648 
56124 
120348 
171033 
73956 
92984 
1099525 
79376 
2884258 
97265 
702732 
168781 
804790 
82780 
707568 
100536 
3842201 
67141 
2392530 
114674 
132587 
168782 
98390 
39358 
64977 
55999 
72662 
44921 
88328 
79375 
97266 
775519 
75052 
721830 
140617 
81771 
124823 
75053 
1126644 
120355 
2933117 
92987 
86264 
75054 
121429 
130439 
41713 
97413 
62830 
71737 
84019 
97412 
171100 
131568 
65139 
601083 
115778 
99441 
57138 
44910 
80478 
131411 
91693 
90562 
68302 
128056 
168526 
67121 
115777 
61567 
151487 
41572 
168525 
77131 
692848 
99504 
707491 
67193 
1579828 
48334 
964164 
69490 
973907 
86173 
746454 
55033 
915872 
47205 
673616 
146066 
3645773 
169625 
3178836 
169626 
3645764 
169627 
2711867 
138294 
136046 
129270 
98441 
68864 
621782 
178360 
2023290 
3179242 
3768973 
4806695 
1132500 
46098 
104975 
50570 
722239 
50612 
2146620 
98471 
3670259 
55058 
1579778 
170259 
2121784 
134946 
521064 
98472 
964262 
170258 
741315 
138328 
3228052 
122529 
170257 
65075 
65076 
111488 
133755 
34894 
92933 
170256 
108265 
45548 
2982392 
660152 
177019 
4881971 
516892 
2023624 
2367826 
517936 
77251 
746202 
57249 
2687344 
65086 
1012596 
142806 
2294468 
114757 
3817570 
170423 
3006823 
97363 
2982025 
41677 
148284 
103901 
48384 
81731 
118097 
36048 
61689 
58325 
32669 
79477 
1104329 
168938 
71610 
2392523 
35971 
3497910 
77159 
41594 
73825 
91721 
91719 
133678 
91720 
100548 
168939 
41595 
147114 
126969 
168940 
168941 
121301 
789975 
128143 
693140 
170172 
2589250 
31482 
862641 
171082 
170177 
751096 
43945 
877357 
170175 
707514 
113662 
586862 
170174 
2957576 
65070 
3547352 
141742 
2196270 
50656 
114797 
91836 
134991 
55108 
96255 
1017533 
52857 
814223 
132661 
170178 
142793 
152691 
170173 
105012 
170176 
137237 
130438 
117029 
94105 
128190 
86263 
84018 
40595 
687841 
67228 
1065692 
53960 
1900386 
91787 
1122626 
38267 
149414 
58316 
112582 
170218 
59422 
109345 
125906 
101691 
77229 
143873 
77230 
170219 
99536 
32652 
1046473 
151579 
79455 
2343233 
107143 
2834867 
170116 
4087466 
123664 
3964885 
170117 
143867 
49474 
108255 
33784 
39433 
53953 
138318 
125897 
46123 
124764 
134936 
95195 
780309 
59385 
1007824 
169604 
2957464 
39400 
582059 
150452 
96231 
77193 
116945 
104974 
78316 
43915 
82838 
90624 
110412 
52830 
80543 
169603 
152655 
51686 
143830 
2638363 
1065754 
939954 
53364 
716999 
693092 
3497984 
830086 
4523310 
1130035 
2834681 
2392780 
1875886 
1130731 
1129447 
5229470 
3129689 
3572002 
3301501 
867809 
110429 
910780 
2957971 
853043 
1130356 
3743810 
518484 
4185945 
4683586 
825207 
193561 
854459 
191797 
737356 
124385 
2367473 
63251 
3080943 
3007012 
1126187 
1777188 
2294452 
4364065 
45472 
94511 
2368415 
542094 
1678065 
1653898 
1727789 
702822 
170447 
838263 
120311 
973758 
170450 
3276999 
102783 
3228108 
61697 
3768489 
170448 
118100 
45027 
136107 
116998 
139478 
92946 
94068 
97367 
48387 
150501 
170449 
132678 
116997 
760772 
68414 
1727718 
59436 
687926 
32676 
1041541 
87329 
1125700 
137205 
3596610 
101708 
112592 
121392 
42821 
107170 
32677 
80599 
125924 
144984 
170489 
51735 
72758 
52877 
872220 
52854 
59410 
1126305 
39428 
1122804 
129286 
85089 
81717 
151577 
57218 
106117 
94053 
116973 
99525 
37158 
31477 
170067 
170066 
120294 
170065 
828797 
88395 
843471 
169720 
95169 
96234 
169719 
67200 
152664 
169718 
80548 
92908 
152665 
79431 
142766 
43919 
90629 
120278 
72716 
169717 
829088 
133804 
809190 
171090 
1126516 
115932 
4210909 
110489 
2121753 
54012 
2810207 
32710 
122568 
171088 
96312 
65137 
112622 
127078 
85142 
171089 
139515 
80635 
134993 
171087 
138380 
125958 
112621 
145024 
88461 
132712 
142837 
62829 
60609 
39491 
171091 
138381 
77295 
755887 
47175 
760761 
35998 
1061171 
43896 
920407 
113610 
169328 
122480 
3915642 
169327 
3768498 
94010 
53903 
33740 
169326 
111433 
38225 
43897 
146048 
74942 
51669 
95151 
523693 
150544 
1629075 
54021 
673345 
72818 
1924979 
96317 
62837 
62836 
135003 
94116 
171221 
148330 
143921 
76178 
81774 
67290 
38320 
99593 
113723 
76177 
82931 
131574 
107212 
145031 
151639 
964015 
127045 
896377 
89550 
2810229 
151587 
833888 
52862 
3228126 
73910 
3768400 
55065 
518107 
65082 
85102 
3301547 
170331 
79475 
127046 
45012 
150489 
87319 
43954 
148277 
133760 
147196 
84396 
801405 
104316 
4731491 
137175 
4674097 
818860 
791355 
187510 
595077 
1105506 
168875 
721853 
4235278 
1041745 
4087835 
3890811 
2196397 
4589429 
2982332 
176940 
925919 
42461 
1113517 
66950 
1603843 
16727 
1113516 
715739 
5749275 
5496507 
5878768 
195641 
640230 
33442 
3743471 
34564 
2785202 
163739 
3203179 
1114383 
2564038 
2465531 
4136208 
2981809 
177477 
1042915 
196958 
190703 
57246 
973814 
103900 
3695082 
1007714 
5191782 
3105186 
1124006 
615271 
3399576 
843644 
2367882 
1727524 
2957801 
770367 
3915754 
851687 
866366 
785884 
110072 
4013761 
103493 
2957162 
41292 
121101 
78070 
200888 
769306 
191348 
619438 
745226 
501884 
182889 
690239 
100791 
2860043 
1064765 
1081973 
137262 
1041427 
2835426 
2933729 
1055822 
4161965 
1900983 
769300 
580977 
1122810 
823839 
86224 
2073048 
132011 
4976105 
145482 
791389 
92314 
3646004 
2319028 
692741 
2097112 
664128 
39373 
867696 
815529 
200228 
2417052 
963914 
5351811 
2687404 
2589503 
4112295 
658987 
51654 
1037086 
169185 
1065528 
78296 
1094672 
121309 
68340 
32583 
152632 
102681 
169186 
147129 
125841 
111422 
47169 
118031 
83915 
169187 
71626 
41611 
79492 
36077 
930188 
170513 
891475 
143881 
934737 
78372 
746384 
75020 
3719412 
120313 
3473442 
72761 
1702841 
170512 
1555090 
97371 
1555181 
114762 
712412 
121393 
1017711 
123706 
3326257 
2023529 
2121997 
4364287 
1081458 
189754 
740448 
879112 
117089 
1135583 
2982730 
3130406 
716757 
515161 
875959 
196824 
1677976 
687727 
85114 
134960 
123677 
170511 
81735 
46153 
50623 
43966 
915521 
125905 
997885 
50607 
775517 
120299 
53958 
102747 
59421 
32649 
44999 
71681 
83967 
150481 
99535 
41663 
134941 
43947 
76113 
129297 
107149 
171146 
103944 
114804 
132713 
95260 
113721 
82921 
99589 
40599 
127082 
944744 
34883 
910765 
109339 
988563 
74994 
101688 
40543 
129295 
170158 
120298 
115879 
108257 
920564 
72649 
95090 
48263 
2146462 
73793 
1133420 
1133274 
54958 
97244 
82763 
54959 
168377 
113553 
86099 
61561 
44894 
138217 
79355 
39328 
114654 
42664 
775523 
149418 
518514 
90657 
1027074 
170268 
658763 
171035 
119188 
634793 
170269 
3817634 
68402 
2711979 
116982 
3399672 
59466 
42797 
82866 
152699 
75003 
118090 
124774 
130394 
123669 
136100 
50613 
134948 
139513 
82911 
102790 
1075583 
80630 
882215 
112616 
1126903 
171022 
2121822 
59465 
983252 
106157 
2146549 
81766 
522874 
36088 
3080396 
108310 
4038607 
145023 
3719452 
47279 
123702 
129342 
123703 
79505 
139511 
34947 
79506 
73955 
143907 
712586 
146151 
4063063 
41712 
3596471 
94106 
1075127 
171096 
44000 
145025 
140616 
63970 
108314 
82918 
138382 
143913 
50658 
138383 
55109 
171098 
125959 
109394 
72811 
67279 
80636 
171097 
145026 
988555 
171172 
2196215 
52922 
673354 
111544 
125962 
143916 
89601 
41716 
33841 
49538 
94111 
171171 
109398 
102795 
107206 
134997 
101749 
2023315 
1126909 
132715 
52921 
79514 
147246 
524484 
61685 
813925 
85106 
678296 
71698 
2490447 
97360 
3448705 
170400 
1875850 
86262 
94064 
128151 
141706 
101702 
70609 
134299 
3301847 
544374 
183441 
76594 
4929045 
2220959 
2835241 
87323 
112587 
61686 
39446 
55071 
47239 
109355 
170399 
40594 
171079 
55107 
38313 
70653 
171078 
746403 
38183 
2097105 
115786 
31386 
44920 
48288 
131423 
168714 
144884 
81621 
89464 
112506 
71597 
121287 
44919 
168712 
122443 
168713 
168715 
654257 
55023 
848311 
51680 
1089930 
58286 
1826451 
169539 
683238 
169537 
98435 
3178844 
88386 
2859536 
169538 
141659 
65035 
73864 
127001 
51681 
142755 
97321 
109304 
74961 
65036 
1056187 
124716 
35990 
169203 
120255 
114687 
79398 
41613 
66119 
108193 
141625 
37113 
140510 
113603 
2884218 
1124304 
1702858 
35991 
100564 
142732 
77169 
70555 
610873 
36084 
4235401 
33823 
3743824 
138368 
3743840 
145018 
750937 
48409 
105059 
34943 
39482 
39481 
170953 
133796 
77286 
90704 
60605 
38308 
36085 
51757 
31528 
111536 
72798 
170955 
42846 
59460 
170954 
877468 
101730 
2146425 
87352 
1126593 
97404 
3522477 
76163 
673376 
40584 
170921 
67267 
89589 
63960 
113707 
120337 
114790 
149459 
170923 
73950 
71724 
51754 
120338 
113706 
170922 
145015 
33821 
65121 
88874 
1131655 
72126 
825309 
201879 
5220049 
3105231 
1109088 
108213 
988516 
65030 
2957566 
74954 
515952 
98431 
86165 
67181 
81775 
109405 
49437 
60536 
142746 
112629 
90616 
169453 
45073 
169454 
44007 
34847 
59374 
76071 
38236 
52819 
80649 
88380 
117474 
2417257 
4495010 
931342 
184559 
500855 
764903 
3473779 
2884607 
998050 
122491 
121346 
42754 
3448765 
37137 
4185980 
122492 
2637996 
133715 
36011 
118058 
147166 
130358 
150453 
113629 
66145 
143844 
169632 
76082 
149383 
111452 
988366 
40478 
2072763 
149340 
2416975 
82842 
519522 
1124937 
70541 
1727631 
72679 
1032198 
169016 
697530 
85023 
34826 
130334 
149339 
42714 
70542 
139398 
67155 
109267 
124704 
109268 
96310 
71615 
128181 
74925 
158808 
611993 
193767 
924223 
915142 
941629 
67342 
3498518 
581468 
2491016 
720961 
498807 
785964 
77836 
3670031 
81193 
1850735 
2932949 
1120147 
3817364 
2884673 
2736603 
3203855 
5088736 
2614135 
1056408 
59456 
2343355 
40583 
2465772 
61724 
2097196 
85133 
3350782 
146141 
629714 
72796 
3301674 
121419 
3080420 
43989 
170902 
88452 
45052 
79493 
123698 
92974 
122561 
56114 
65118 
170903 
170901 
170904 
843533 
115767 
129201 
104890 
66080 
144862 
91683 
150378 
50501 
81607 
122420 
168387 
34796 
53857 
38172 
59313 
38173 
49368 
144863 
133110 
5023075 
727229 
2023338 
840016 
1061183 
126983 
755891 
65009 
132614 
57174 
90604 
126982 
72685 
169242 
169243 
131451 
41619 
3203474 
102686 
2515229 
77171 
96203 
77172 
114691 
104946 
143826 
804902 
90709 
678204 
31533 
3448756 
131563 
3006802 
86256 
2564344 
120349 
3252683 
70649 
2269932 
107201 
3571823 
66231 
57286 
99581 
115930 
120350 
147239 
171041 
51762 
60607 
138374 
42851 
121427 
94104 
81768 
75048 
78403 
40590 
85141 
54011 
73957 
73958 
95257 
171040 
901191 
63879 
1579849 
169567 
1875816 
42747 
3719577 
63878 
2884257 
52828 
69483 
115840 
133710 
86170 
169568 
32610 
90622 
103840 
91759 
79423 
147160 
120274 
61635 
634802 
67139 
1752484 
58235 
3252798 
168748 
35962 
125810 
64974 
147110 
140486 
128070 
48291 
168750 
140485 
131425 
140484 
97264 
168749 
116887 
37083 
1075341 
109306 
139428 
3596498 
80542 
3080542 
169570 
81684 
74962 
127004 
110410 
107114 
103841 
77189 
31454 
92897 
147162 
53920 
169569 
113626 
150450 
867834 
33682 
123567 
143779 
3326240 
40437 
1123928 
168374 
3301467 
149302 
168371 
40438 
106020 
79354 
108151 
59309 
37058 
113552 
133653 
168373 
168372 
71582 
170980 
42850 
105061 
170979 
