 2 29366 
 3 17178 
 4 10310 
 5 7950 
 6 7605 
 7 7164 
 8 4940 
 9 3754 
 10 2752 
 11 2119 
 12 1470 
 13 1138 
 14 919 
 15 737 
 16 614 
 17 503 
 18 411 
 19 353 
 20 301 
 21 235 
 22 210 
 23 194 
 24 160 
 25 111 
 26 123 
 27 97 
 28 101 
 29 88 
 30 67 
 31 53 
 32 50 
 33 37 
 34 44 
 35 35 
 36 45 
 37 35 
 38 27 
 39 27 
 40 17 
 41 23 
 42 23 
 43 25 
 44 22 
 45 15 
 46 16 
 47 14 
 48 18 
 49 7 
 50 11 
 51 9 
 52 7 
 53 8 
 54 6 
 55 7 
 56 10 
 57 5 
 58 3 
 59 10 
 60 9 
 61 5 
 62 6 
 63 7 
 64 4 
 65 8 
 66 6 
 67 6 
 68 5 
 69 3 
 70 5 
 71 1 
 72 2 
 73 2 
 74 6 
 75 5 
 76 3 
 77 2 
 78 1 
 79 2 
 80 1 
 82 3 
 83 3 
 85 2 
 86 4 
 87 3 
 88 2 
 90 1 
 91 2 
 93 1 
 94 1 
 95 1 
 96 1 
 97 1 
 100 2 
 101 1 
 103 1 
 106 1 
 108 2 
 109 1 
 110 2 
 111 1 
 114 1 
 115 2 
 116 2 
 118 2 
 119 1 
 120 2 
 121 2 
 123 1 
 125 1 
 126 2 
 127 1 
 134 1 
 136 1 
 141 1 
 146 1 
 147 1 
 156 2 
 157 1 
 161 2 
 166 1 
 193 1 
 194 1 
 200 1 
 239 1 
 241 1 
 243 1 
 248 1 
 256 1 
 277 1 
 279 1 
 289 1 
 299 1 
 312 1 
 352 1 
 366 1 
 469 1 
 475 1 
 1614 1 
