16727 
31386 
31454 
31477 
31482 
31492 
31528 
31533 
32583 
32610 
32649 
32652 
32661 
32669 
32674 
32676 
32677 
32710 
33442 
33682 
33740 
33784 
33821 
33823 
33841 
34564 
34796 
34826 
34847 
34883 
34884 
34894 
34911 
34943 
34947 
35962 
35971 
35981 
35990 
35991 
35998 
36011 
36048 
36055 
36077 
36084 
36085 
36088 
37058 
37083 
37113 
37137 
37149 
37158 
37163 
38172 
38173 
38183 
38225 
38236 
38251 
38267 
38275 
38308 
38313 
38320 
39328 
39358 
39373 
39400 
39428 
39433 
39446 
39481 
39482 
39488 
39491 
39494 
40437 
40438 
40478 
40543 
40583 
40584 
40590 
40594 
40595 
40599 
41292 
41572 
41594 
41595 
41600 
41611 
41613 
41619 
41663 
41677 
41683 
41712 
41713 
41716 
42461 
42664 
42714 
42747 
42754 
42781 
42797 
42821 
42846 
42850 
42851 
43896 
43897 
43915 
43919 
43945 
43947 
43953 
43954 
43966 
43989 
44000 
44007 
44894 
44910 
44919 
44920 
44921 
44935 
44999 
45012 
45013 
45014 
45027 
45052 
45073 
45472 
45548 
46098 
46123 
46137 
46138 
46153 
47162 
47169 
47175 
47205 
47214 
47235 
47239 
47279 
48263 
48288 
48291 
48334 
48344 
48375 
48384 
48387 
48388 
48409 
48415 
49368 
49407 
49437 
49474 
49538 
50501 
50570 
50586 
50607 
50612 
50613 
50618 
50623 
50656 
50658 
51654 
51669 
51680 
51681 
51686 
51713 
51735 
51754 
51757 
51762 
52819 
52828 
52830 
52854 
52857 
52862 
52863 
52877 
52921 
52922 
53364 
53857 
53891 
53903 
53920 
53953 
53958 
53960 
53975 
54011 
54012 
54021 
54958 
54959 
55023 
55033 
55058 
55065 
55071 
55072 
55107 
55108 
55109 
55999 
56059 
56114 
56124 
57138 
57174 
57218 
57246 
57249 
57286 
58235 
58286 
58316 
58325 
59309 
59313 
59374 
59385 
59410 
59421 
59422 
59436 
59456 
59460 
59465 
59466 
60536 
60605 
60607 
60609 
61561 
61567 
61635 
61685 
61686 
61689 
61697 
61724 
62829 
62830 
62836 
62837 
63251 
63845 
63878 
63879 
63925 
63960 
63970 
64974 
64977 
64996 
65009 
65030 
65035 
65036 
65070 
65075 
65076 
65082 
65083 
65086 
65118 
65121 
65137 
65139 
66080 
66119 
66145 
66231 
66950 
67121 
67139 
67141 
67155 
67181 
67193 
67200 
67228 
67267 
67279 
67290 
67342 
68302 
68340 
68396 
68402 
68414 
68864 
69447 
69483 
69490 
70541 
70542 
70555 
70609 
70648 
70649 
70653 
70660 
71582 
71597 
71610 
71615 
71618 
71626 
71681 
71698 
71724 
71737 
72126 
72649 
72662 
72679 
72685 
72716 
72747 
72758 
72761 
72796 
72798 
72811 
72818 
73793 
73825 
73833 
73864 
73910 
73950 
73955 
73956 
73957 
73958 
74925 
74942 
74954 
74961 
74962 
74994 
75003 
75018 
75020 
75048 
75052 
75053 
75054 
76071 
76082 
76113 
76163 
76177 
76178 
76594 
77131 
77159 
77169 
77171 
77172 
77189 
77193 
77229 
77230 
77242 
77251 
77286 
77295 
77836 
78070 
78296 
78316 
78372 
78403 
79354 
79355 
79375 
79376 
79398 
79423 
79431 
79439 
79455 
79475 
79477 
79492 
79493 
79505 
79506 
79514 
80478 
80542 
80543 
80548 
80599 
80630 
80635 
80636 
80649 
81193 
81607 
81621 
81684 
81717 
81731 
81735 
81766 
81768 
81771 
81774 
81775 
82763 
82780 
82838 
82842 
82866 
82868 
82911 
82918 
82921 
82931 
83915 
83967 
84018 
84019 
84396 
85023 
85089 
85102 
85106 
85114 
85133 
85141 
85142 
86099 
86165 
86170 
86173 
86224 
86256 
86262 
86263 
86264 
87319 
87323 
87329 
87331 
87352 
88328 
88380 
88386 
88395 
88452 
88461 
88874 
89464 
89550 
89589 
89601 
90562 
90604 
90616 
90622 
90624 
90629 
90657 
90660 
90704 
90709 
91683 
91693 
91719 
91720 
91721 
91727 
91759 
91787 
91799 
91836 
92314 
92897 
92908 
92933 
92946 
92974 
92984 
92987 
94010 
94053 
94064 
94068 
94104 
94105 
94106 
94111 
94116 
94511 
95090 
95151 
95169 
95195 
95227 
95255 
95257 
95260 
96203 
96231 
96234 
96255 
96310 
96312 
96317 
97244 
97264 
97265 
97266 
97321 
97332 
97358 
97360 
97363 
97367 
97371 
97404 
97412 
97413 
98390 
98431 
98435 
98441 
98471 
98472 
99441 
99504 
99525 
99535 
99536 
99554 
99556 
99581 
99589 
99593 
100536 
100548 
100564 
100791 
101688 
101691 
101697 
101702 
101706 
101708 
101730 
101749 
102681 
102686 
102743 
102747 
102783 
102790 
102795 
103493 
103840 
103841 
103896 
103900 
103901 
103905 
103907 
103944 
104316 
104890 
104946 
104974 
104975 
104988 
105012 
105024 
105059 
105061 
106020 
106100 
106117 
106157 
107114 
107130 
107143 
107144 
107149 
107167 
107170 
107172 
107201 
107206 
107212 
108151 
108193 
108213 
108255 
108257 
108265 
108310 
108314 
109267 
109268 
109304 
109306 
109339 
109345 
109355 
109394 
109398 
109405 
110072 
110410 
110412 
110429 
110445 
110489 
111422 
111433 
111452 
111488 
111494 
111536 
111544 
112506 
112582 
112587 
112592 
112616 
112621 
112622 
112629 
113552 
113553 
113603 
113610 
113626 
113629 
113662 
113706 
113707 
113721 
113723 
114654 
114674 
114687 
114691 
114757 
114762 
114764 
114790 
114797 
114804 
115767 
115777 
115778 
115786 
115840 
115879 
115930 
115932 
116887 
116945 
116973 
116982 
116997 
116998 
117001 
117029 
117089 
117474 
118031 
118058 
118090 
118097 
118100 
119163 
119175 
119188 
119191 
120255 
120274 
120278 
120294 
120298 
120299 
120311 
120312 
120313 
120315 
120337 
120338 
120348 
120349 
120350 
120355 
121101 
121287 
121301 
121309 
121346 
121390 
121392 
121393 
121419 
121427 
121429 
122420 
122443 
122480 
122491 
122492 
122529 
122561 
122568 
123567 
123664 
123669 
123677 
123698 
123702 
123703 
123706 
123711 
124385 
124704 
124709 
124710 
124716 
124764 
124774 
124823 
125810 
125841 
125897 
125905 
125906 
125911 
125924 
125958 
125959 
125962 
126969 
126982 
126983 
127001 
127004 
127045 
127046 
127078 
127082 
128056 
128070 
128143 
128151 
128181 
128190 
129201 
129270 
129278 
129286 
129295 
129297 
129305 
129306 
129342 
129801 
130334 
130358 
130394 
130402 
130438 
130439 
131411 
131423 
131425 
131451 
131562 
131563 
131568 
131574 
132011 
132587 
132614 
132661 
132669 
132670 
132678 
132679 
132712 
132713 
132715 
133110 
133653 
133678 
133710 
133715 
133755 
133760 
133761 
133770 
133796 
133804 
133810 
134299 
134936 
134941 
134946 
134948 
134960 
134991 
134993 
134996 
134997 
135003 
136046 
136059 
136100 
136107 
136110 
137175 
137205 
137237 
137262 
138217 
138294 
138318 
138328 
138368 
138374 
138380 
138381 
138382 
138383 
139398 
139428 
139478 
139511 
139513 
139515 
140484 
140485 
140486 
140510 
140616 
140617 
141625 
141659 
141706 
141712 
141742 
142732 
142746 
142755 
142766 
142793 
142806 
142837 
143779 
143815 
143826 
143830 
143844 
143867 
143873 
143881 
143907 
143913 
143916 
143921 
144862 
144863 
144884 
144984 
145015 
145018 
145023 
145024 
145025 
145026 
145031 
145482 
146027 
146048 
146066 
146141 
146151 
147110 
147114 
147129 
147160 
147162 
147166 
147196 
147204 
147239 
147246 
148277 
148278 
148284 
148291 
148330 
149302 
149339 
149340 
149383 
149393 
149414 
149418 
149459 
150378 
150450 
150452 
150453 
150481 
150489 
150501 
150544 
151487 
151577 
151579 
151587 
151639 
152632 
152655 
152664 
152665 
152671 
152691 
152699 
152717 
158808 
163739 
168371 
168372 
168373 
168374 
168377 
168387 
168525 
168526 
168712 
168713 
168714 
168715 
168748 
168749 
168750 
168781 
168782 
168875 
168938 
168939 
168940 
168941 
169016 
169060 
169061 
169185 
169186 
169187 
169203 
169242 
169243 
169326 
169327 
169328 
169453 
169454 
169537 
169538 
169539 
169567 
169568 
169569 
169570 
169603 
169604 
169625 
169626 
169627 
169632 
169717 
169718 
169719 
169720 
169823 
169824 
170065 
170066 
170067 
170116 
170117 
170158 
170172 
170173 
170174 
170175 
170176 
170177 
170178 
170218 
170219 
170256 
170257 
170258 
170259 
170268 
170269 
170325 
170326 
170331 
170338 
170399 
170400 
170423 
170447 
170448 
170449 
170450 
170463 
170464 
170465 
170489 
170511 
170512 
170513 
170535 
170536 
170537 
170538 
170901 
170902 
170903 
170904 
170921 
170922 
170923 
170953 
170954 
170955 
170979 
170980 
171022 
171031 
171032 
171033 
171034 
171035 
171040 
171041 
171078 
171079 
171082 
171087 
171088 
171089 
171090 
171091 
171096 
171097 
171098 
171100 
171146 
171167 
171171 
171172 
171221 
176940 
177019 
177477 
178360 
182889 
183441 
184559 
187510 
189754 
190703 
191348 
191797 
193561 
193767 
195641 
196824 
196958 
200228 
200888 
201879 
498807 
500855 
501884 
515161 
515952 
516321 
516892 
517936 
518107 
518484 
518514 
518544 
519522 
519924 
521064 
522299 
522874 
523693 
524416 
524484 
542094 
544374 
580977 
581468 
582059 
586862 
586919 
595077 
600901 
601083 
610873 
611993 
615271 
619438 
620205 
621782 
629714 
629800 
634793 
634802 
640230 
654257 
658763 
658987 
660152 
663614 
663997 
664128 
673345 
673354 
673376 
673616 
678204 
678296 
683238 
687727 
687841 
687926 
690239 
692741 
692848 
693092 
693140 
697530 
702732 
702822 
707491 
707514 
707568 
712249 
712412 
712586 
715739 
716757 
716999 
720961 
721830 
721853 
722239 
727229 
736808 
736827 
737356 
740448 
741315 
745226 
746202 
746384 
746403 
746454 
750937 
751096 
752372 
755887 
755891 
760761 
760772 
764903 
765640 
769300 
769306 
770322 
770367 
775517 
775519 
775523 
780309 
785884 
785964 
789975 
791355 
791389 
801405 
804790 
804902 
809190 
813925 
814223 
815529 
818860 
819114 
823839 
825207 
825309 
828797 
829088 
830086 
833888 
838263 
840016 
843471 
843533 
843644 
848311 
851687 
853043 
854459 
862641 
866366 
867696 
867809 
867834 
872220 
875959 
877357 
877468 
879112 
882215 
891475 
896377 
901191 
910765 
910780 
915142 
915521 
915525 
915727 
915872 
920407 
920564 
924223 
925919 
930188 
931342 
934737 
939797 
939954 
941629 
944744 
954261 
959200 
963914 
964015 
964164 
964262 
973758 
973814 
973907 
978747 
983252 
988366 
988516 
988555 
988563 
992976 
997885 
998050 
1003248 
1007714 
1007740 
1007824 
1007985 
1012596 
1017533 
1017711 
1027074 
1032198 
1037007 
1037086 
1041427 
1041541 
1041745 
1041789 
1042915 
1046473 
1055822 
1056187 
1056204 
1056408 
1061171 
1061183 
1064765 
1065528 
1065692 
1065754 
1075127 
1075341 
1075583 
1081458 
1081973 
1089930 
1090037 
1094672 
1099374 
1099525 
1104329 
1105506 
1109088 
1113516 
1113517 
1114383 
1120147 
1122626 
1122804 
1122810 
1123928 
1124006 
1124304 
1124937 
1125409 
1125422 
1125545 
1125700 
1126187 
1126305 
1126442 
1126516 
1126593 
1126644 
1126903 
1126909 
1129447 
1130035 
1130356 
1130731 
1131655 
1132500 
1133274 
1133420 
1135583 
1555090 
1555181 
1579778 
1579821 
1579828 
1579849 
1603843 
1629075 
1653769 
1653802 
1653898 
1677976 
1678065 
1702841 
1702858 
1727524 
1727631 
1727718 
1727789 
1752484 
1777188 
1801820 
1826451 
1850735 
1875794 
1875816 
1875850 
1875886 
1900386 
1900983 
1924979 
1998981 
2023290 
2023315 
2023338 
2023529 
2023624 
2072763 
2073048 
2097105 
2097112 
2097196 
2121753 
2121784 
2121822 
2121997 
2146425 
2146462 
2146549 
2146620 
2196215 
2196270 
2196397 
2220574 
2220586 
2220959 
2269932 
2294442 
2294452 
2294468 
2318966 
2319028 
2343233 
2343355 
2343671 
2367473 
2367826 
2367882 
2368415 
2392395 
2392523 
2392530 
2392780 
2416975 
2417052 
2417257 
2465531 
2465772 
2490447 
2491016 
2515229 
2564038 
2564344 
2564470 
2589250 
2589503 
2614135 
2637996 
2638363 
2687344 
2687404 
2711867 
2711979 
2712002 
2736603 
2785202 
2810207 
2810229 
2834681 
2834829 
2834867 
2835241 
2835426 
2859536 
2860043 
2884218 
2884257 
2884258 
2884607 
2884673 
2908648 
2932949 
2933117 
2933729 
2957162 
2957464 
2957500 
2957566 
2957576 
2957801 
2957971 
2981809 
2982025 
2982332 
2982392 
2982567 
2982730 
3006802 
3006823 
3007012 
3031557 
3080396 
3080420 
3080542 
3080943 
3105186 
3105231 
3129639 
3129689 
3130406 
3178836 
3178844 
3179242 
3203179 
3203474 
3203855 
3228052 
3228108 
3228126 
3252683 
3252798 
3276999 
3301467 
3301501 
3301547 
3301592 
3301674 
3301847 
3326240 
3326257 
3350782 
3375255 
3399576 
3399672 
3448705 
3448756 
3448765 
3473442 
3473779 
3497910 
3497984 
3498518 
3522477 
3547348 
3547352 
3571823 
3572002 
3596471 
3596498 
3596610 
3645764 
3645773 
3646004 
3670031 
3670259 
3695082 
3719412 
3719452 
3719577 
3743471 
3743810 
3743824 
3743840 
3768400 
3768489 
3768498 
3768973 
3817364 
3817570 
3817634 
3842201 
3890811 
3915642 
3915754 
3964885 
4013761 
4014063 
4038607 
4063063 
4087466 
4087835 
4112295 
4136208 
4161965 
4185945 
4185980 
4186168 
4186489 
4210909 
4210923 
4235278 
4235401 
4363701 
4364065 
4364287 
4495010 
4523310 
4589429 
4674097 
4683586 
4731491 
4806695 
4881971 
4929045 
4976105 
5023075 
5088736 
5191782 
5220049 
5229470 
5351811 
5496507 
5749275 
5878768 
