28336 
528984 
198712 
621489 
197744 
132031 
1128094 
746474 
4362922 
3031166 
35830 
3153508 
102533 
202982 
528035 
31347 
2047205 
4742 
5720876 
5947895 
5818036 
5785623 
5489174 
5604392 
996579 
49342 
121257 
129174 
717870 
83686 
2711307 
1801318 
1117715 
688609 
2682 
635417 
121077 
1875347 
1949269 
756340 
189429 
194398 
206070 
200583 
545443 
51059 
1727804 
1051182 
524917 
4467027 
3129692 
1124964 
679239 
108892 
53506 
2440962 
133336 
84639 
896856 
117877 
3988737 
166597 
3055221 
148059 
166598 
102555 
3945 
5933994 
5721095 
5739887 
493803 
5337541 
5613970 
5845935 
5804339 
57033 
191520 
935525 
66939 
74709 
3596020 
144648 
3866169 
164874 
646209 
115967 
886414 
3449353 
3130179 
1555741 
687621 
1138352 
177727 
177786 
189430 
64878 
1114049 
131334 
176119 
635920 
190381 
68948 
2171452 
42163 
4731278 
1130561 
624966 
524090 
2171026 
1099836 
202388 
892227 
182489 
746890 
21939 
1110379 
126432 
4617532 
524303 
4235604 
1027023 
817861 
759775 
596888 
163854 
3596261 
1116625 
542103 
196328 
1095358 
182180 
135637 
3497449 
202263 
940223 
192873 
105952 
2244493 
28914 
759280 
5878423 
5804214 
1085617 
101343 
1115803 
66893 
1066988 
118574 
2613973 
2785854 
3080693 
828700 
5201208 
1051483 
1122014 
2270206 
3154455 
691757 
176357 
501491 
14469 
4136019 
119011 
654553 
196066 
9722 
5627909 
880616 
5869155 
5618567 
5609292 
4914861 
1924310 
113460 
683759 
58130 
5572028 
943147 
839247 
132261 
2514704 
57953 
3153809 
51311 
1579470 
147892 
82447 
205631 
783907 
594865 
1008558 
202409 
204030 
814956 
64632 
3964604 
2244806 
3743478 
1924663 
2490246 
56864 
3792506 
771169 
56821 
2588754 
1677920 
193908 
877719 
190344 
960514 
185243 
34331 
3719418 
114181 
978915 
4693161 
794816 
1653909 
2121693 
1629337 
3179137 
2441258 
183037 
1033910 
55369 
958525 
619045 
199453 
20820 
5985674 
2465195 
80382 
1074340 
5641987 
520847 
725575 
1083601 
930716 
207631 
1003677 
6251 
180855 
858647 
14114 
930706 
20746 
746943 
23131 
669337 
26806 
839147 
14353 
1104906 
11769 
1080722 
27257 
1013295 
9155 
601435 
3618 
834348 
14798 
810006 
6023 
1080641 
21960 
674127 
5793 
1071086 
15292 
950140 
7938 
679020 
24268 
882701 
27255 
863346 
19517 
531807 
26702 
531679 
189111 
27057 
1013287 
13907 
582499 
22168 
1022899 
13902 
746944 
11742 
530217 
197604 
2930 
974534 
3162 
872850 
4330 
1100011 
6757 
930668 
15752 
679097 
3620 
1061677 
20247 
911422 
6280 
531618 
7476 
790753 
5525 
640147 
27045 
531647 
6507 
596690 
6010 
679082 
24096 
649764 
26737 
1018016 
2188 
1056797 
16648 
906703 
7216 
1076003 
27150 
531741 
22421 
529838 
202613 
2443 
896957 
10552 
1085552 
21203 
819652 
6259 
863467 
12704 
587279 
863353 
27089 
530783 
19274 
635373 
20744 
858638 
27197 
834260 
22197 
834352 
992 
207495 
175861 
790756 
3628 
189110 
722734 
14373 
529662 
7993 
640148 
8174 
530154 
27367 
530920 
7463 
1109655 
9610 
1037392 
24058 
703219 
174128 
22665 
785666 
12926 
814736 
6277 
737257 
27048 
897004 
17599 
770986 
25454 
959935 
9827 
529574 
20478 
1099918 
2424 
969479 
7943 
998692 
24972 
529870 
6727 
1056798 
8422 
805293 
5023 
858518 
26850 
872934 
21954 
529760 
2418 
531630 
11303 
795607 
4573 
1061577 
16922 
805176 
24278 
756473 
4313 
530777 
17840 
530225 
6992 
712999 
22677 
688497 
10556 
1109754 
22902 
998737 
24295 
530812 
23147 
892144 
3630 
1022911 
985 
1037355 
13200 
1047201 
21518 
530074 
205853 
640063 
175925 
23406 
25023 
790645 
10809 
887330 
4057 
654724 
3823 
1075923 
10588 
1008483 
15052 
974535 
22918 
872852 
16636 
529567 
10320 
529654 
39 
984107 
12937 
1099897 
24774 
630550 
16913 
1027678 
10312 
950210 
26784 
911504 
1739 
984004 
1237 
940414 
11522 
746826 
4318 
824443 
26809 
901737 
16420 
596826 
5261 
529857 
23802 
732451 
1954 
708079 
17594 
921020 
13906 
935382 
19045 
834341 
4572 
930707 
8677 
722613 
9371 
766188 
26918 
698364 
22661 
969446 
11292 
531684 
9597 
746820 
8932 
659618 
27236 
712911 
16664 
930711 
16429 
1100033 
22648 
795487 
25712 
766178 
7455 
1051944 
23815 
722727 
10330 
1066327 
19273 
531456 
174465 
805278 
16447 
853510 
18214 
4905322 
5976232 
1850344 
143721 
41515 
53791 
93902 
5490913 
838808 
5660398 
6036689 
5613871 
5660397 
730330 
6064708 
6045975 
189805 
622133 
113736 
2270603 
1026924 
3498395 
582441 
123396 
1726893 
25167 
5637480 
5271626 
5897205 
493247 
31221 
175965 
199217 
6542 
1047125 
5302 
529973 
4332 
756434 
7710 
761330 
3122 
620856 
737141 
6963 
751678 
786 
531685 
27047 
746938 
1253 
531683 
21940 
751761 
1484 
810015 
5762 
529956 
8702 
190918 
712991 
12049 
790715 
4799 
940408 
5286 
1051827 
12275 
592053 
17393 
1027744 
13886 
805183 
26846 
775807 
506 
993807 
199646 
1104913 
1239 
722524 
176255 
149284 
1875208 
105997 
3472682 
72636 
90531 
150361 
90532 
101585 
152580 
91666 
1063 
5739703 
5609073 
5711713 
5980813 
5637163 
4858406 
6036582 
5489089 
5892253 
5841286 
5771638 
5966644 
5489088 
5985454 
1107636 
6008740 
5660280 
6004107 
5757944 
5641780 
5915299 
73771 
99414 
92822 
148162 
69387 
37039 
189659 
873057 
152305 
2294082 
108946 
674021 
168259 
1579120 
46019 
2735732 
73788 
32529 
30426 
5961873 
5804082 
5790153 
6055289 
4650733 
5488531 
5488530 
5753382 
5637126 
5488529 
5808756 
986823 
5855057 
5711689 
5919742 
5744311 
5915274 
64942 
168258 
86092 
131392 
200125 
555800 
53007 
2270528 
3547974 
857388 
189699 
742817 
40514 
519534 
4844349 
3350664 
1129806 
3179084 
2638247 
201339 
197989 
1099813 
184436 
24645 
6008778 
5337418 
2907903 
110314 
764116 
5604434 
5947929 
206176 
532416 
164623 
1116430 
3546708 
46774 
984273 
1119012 
204081 
904624 
733146 
86681 
4551560 
121437 
1826795 
102149 
3473548 
3277518 
523682 
687712 
1127297 
1653640 
191938 
553286 
31619 
1137268 
2023951 
701966 
4211328 
3916168 
514214 
3695263 
181471 
742613 
193631 
683932 
107939 
1899876 
139136 
1117134 
147697 
4186281 
124171 
1075615 
1875960 
1122552 
687746 
4363678 
2589552 
198724 
1083486 
18236 
691754 
1924332 
109168 
620727 
209520 
176157 
207863 
5581164 
5641868 
818399 
5490868 
869382 
73132 
4211445 
4088054 
2023918 
2884850 
498938 
206359 
977626 
749835 
57114 
202953 
184477 
179562 
64928 
184476 
179563 
649704 
11791 
205866 
175938 
27704 
179252 
187868 
858549 
16937 
611290 
15042 
639963 
204490 
186191 
814659 
184443 
8367 
5748911 
894864 
5576547 
2956946 
51575 
911431 
1993 
993892 
24538 
877689 
51537 
3350043 
8307 
744761 
4449951 
5491097 
5896962 
207857 
192846 
206107 
176145 
192927 
179538 
121243 
2121117 
2097 
493181 
204491 
5868995 
1113055 
167829 
62637 
71553 
148142 
5632528 
5813456 
5599668 
4451804 
5887623 
5590377 
5489725 
182801 
209579 
90516 
39294 
177900 
582557 
8421 
925937 
4061 
974481 
22420 
935409 
27432 
877886 
13668 
844015 
11766 
615972 
2913 
751672 
23639 
950249 
13905 
1032536 
592049 
2691 
531823 
15277 
669476 
17825 
654598 
21928 
780848 
6502 
529955 
189211 
11076 
930648 
26801 
679024 
4807 
644818 
11045 
615923 
189206 
4586 
531749 
12928 
1056795 
19777 
906608 
24779 
683803 
24290 
877895 
1718 
606396 
11296 
770981 
26996 
863364 
23364 
780741 
16641 
771034 
23796 
1085484 
27275 
531691 
21481 
771068 
12712 
592050 
2438 
751716 
27249 
596681 
4579 
204082 
1032510 
23814 
940407 
12719 
1095129 
10573 
1080728 
27074 
853547 
166327 
1825845 
201098 
877926 
72453 
1115841 
187448 
969674 
199756 
807991 
205555 
14936 
5995182 
1066257 
165475 
4185484 
192622 
194199 
179412 
746780 
184313 
49264 
24418 
969254 
4451940 
5697858 
191115 
182515 
6078838 
4481061 
83584 
2736143 
3546819 
529108 
174313 
7635 
3423760 
70372 
32410 
1016018 
4745386 
5493950 
5614033 
189321 
728506 
56053 
4863158 
3154521 
519553 
2368206 
201776 
858437 
121218 
3521941 
92783 
20589 
974189 
5693121 
5994919 
5864510 
184026 
1047035 
63764 
3448166 
5968 
822452 
5776449 
5375276 
6022680 
6031970 
5618427 
42609 
683810 
17858 
649869 
45814 
3472905 
3448631 
3694316 
916086 
121201 
3841469 
142616 
133590 
1680 
5864527 
5730412 
5952723 
5140527 
5748995 
5906216 
1073870 
147010 
176239 
1027598 
167925 
1801118 
131373 
152573 
6907 
5864437 
5613810 
493168 
5735061 
5206119 
5976147 
125756 
194677 
1001848 
703108 
27886 
528717 
123469 
2440639 
16569 
938210 
5037095 
5915478 
501512 
202939 
194414 
1099825 
97184 
1702148 
3509 
4905476 
5707216 
880558 
29938 
5952754 
528625 
166963 
3816959 
866191 
5873787 
5827376 
194426 
838985 
181040 
42553 
1112741 
19154 
5845949 
5850606 
5669859 
642825 
5641996 
717725 
18344 
659463 
16856 
2318333 
35896 
618741 
5827318 
5999572 
177391 
999349 
113103 
4863094 
1041499 
1628956 
2638071 
2908899 
732154 
59481 
634471 
127085 
4038511 
4825510 
3301604 
1129315 
3768507 
523658 
2097400 
902520 
178524 
4013889 
698411 
126722 
2220167 
2613196 
3079970 
208725 
1035442 
541925 
159651 
1127642 
3105246 
5389214 
1070350 
3744050 
523887 
91735 
1123751 
886628 
522491 
1678288 
159052 
1133811 
53361 
1974692 
54448 
1129001 
542903 
203587 
885487 
179094 
819756 
132338 
3374729 
65882 
2588813 
37946 
1751898 
164606 
4234966 
205691 
1076060 
164265 
2735893 
114412 
2785174 
64724 
738451 
209835 
201545 
179818 
1016322 
842283 
151729 
828533 
3154918 
3105488 
1002806 
852530 
3867366 
1950269 
2589906 
924663 
1136721 
1137064 
209836 
206204 
785618 
182768 
829372 
136972 
2416219 
146930 
16073 
5674657 
5646613 
778701 
5252938 
5869257 
6046207 
5494662 
5901814 
56992 
186131 
195924 
205916 
189486 
184400 
175292 
1076573 
185185 
178600 
33182 
3203479 
930329 
1094420 
2982155 
3031354 
2220757 
3621125 
3890947 
5032249 
622515 
99739 
1802425 
140418 
2022717 
25575 
6041326 
5604475 
5943281 
5836691 
5187269 
1093226 
6064688 
187825 
926561 
205203 
106600 
1123774 
858253 
3449157 
3104854 
896186 
3744064 
4363138 
645821 
116936 
4646116 
1070775 
123642 
2884185 
2245365 
1089736 
728221 
5182391 
3792873 
920222 
1131944 
1752281 
3719319 
2933439 
1022251 
3596938 
3989581 
766140 
166475 
2760521 
149193 
1158 
5655809 
5422119 
1020852 
5739908 
5493051 
533010 
196924 
783676 
177317 
202399 
960559 
195648 
110476 
2662565 
110475 
993499 
1099198 
3080692 
2171353 
750940 
2072600 
3375116 
2982566 
872561 
4645997 
3939889 
2761161 
150146 
1116840 
102393 
2465375 
4111766 
3202868 
3399057 
1628810 
2883928 
187406 
752366 
175319 
107668 
1604330 
915813 
5323461 
2859844 
586554 
1629282 
688675 
80248 
3841725 
123296 
199644 
843803 
197966 
168038 
3521881 
18035 
5489120 
5762532 
599456 
6004108 
5822664 
5753415 
5845726 
5892259 
5683749 
5990183 
5762531 
5739706 
4773667 
5952603 
5781023 
5827229 
5641784 
834425 
76852 
3129221 
121033 
4013520 
198473 
1107746 
582617 
83635 
2563939 
2244585 
1115648 
2342896 
960022 
107863 
3645333 
57933 
896889 
199333 
189246 
43691 
3104330 
2995 
5957695 
739962 
207622 
1056872 
71337 
2023117 
163770 
2416648 
112216 
2564044 
2318572 
1900140 
182329 
626576 
33726 
4787895 
3080515 
780224 
596890 
52485 
1973785 
133432 
3546822 
51338 
175725 
1069285 
1018188 
127790 
2859085 
163828 
2834388 
33448 
3301166 
59077 
130042 
935283 
126902 
4136013 
23055 
754517 
5720937 
5794814 
187851 
735341 
777125 
156967 
1137043 
3891494 
2860023 
854453 
144320 
4806663 
983717 
716986 
2294322 
4087381 
2539786 
1129960 
2146985 
606986 
149929 
1129140 
121282 
790217 
1122488 
4966604 
50006 
3399900 
968806 
804852 
2465782 
988793 
196061 
21615 
5966810 
720646 
5794921 
3153582 
146995 
189418 
858890 
81142 
1121020 
1801617 
1121019 
3596287 
2514941 
1052042 
110071 
4136059 
136834 
3178482 
135699 
4038144 
130014 
3129235 
163249 
3472913 
35659 
1117191 
1973937 
204421 
606512 
175020 
645818 
183293 
109265 
5098307 
3891123 
3866725 
1130637 
1604338 
3817598 
2490702 
1604536 
3301655 
521198 
1126654 
79393 
785207 
116910 
98411 
95133 
48310 
157651 
5314427 
127446 
549169 
198290 
91076 
1801893 
2122069 
714006 
198267 
208274 
191575 
4919634 
66598 
1052848 
4366526 
43209 
551442 
3031478 
2047906 
55713 
3006217 
3571527 
2613202 
761169 
905 
4452669 
5641893 
642853 
3129018 
167169 
5794893 
732363 
101507 
1112435 
9254 
5697879 
6041444 
773798 
5990360 
587463 
61314 
2662123 
945889 
187927 
909801 
501484 
36044 
2343327 
978584 
3842426 
678661 
755688 
3571741 
4994591 
3645897 
925109 
2121747 
182291 
205572 
626396 
129346 
3448874 
3989642 
3670652 
1974439 
1129333 
741196 
3694526 
853277 
5464924 
3473309 
181453 
854928 
55160 
1137682 
682941 
953990 
3400282 
1103803 
628955 
914496 
635475 
108939 
2465308 
145700 
2269432 
103472 
780971 
81276 
2342904 
142368 
2908114 
73467 
927155 
76269 
2270536 
687383 
929496 
3228769 
528051 
111361 
4160622 
202948 
542898 
141661 
2638402 
582157 
949391 
2490696 
1998803 
519768 
1122785 
5210686 
2908493 
984197 
180661 
151233 
1117813 
60206 
1998535 
2932680 
209054 
754607 
15851 
5790200 
1008155 
5632494 
5947898 
5674382 
5762537 
863565 
76814 
2318475 
529999 
22982 
5159350 
3571223 
165447 
64794 
32364 
5795120 
5943574 
798333 
205854 
5495640 
174308 
1056666 
63687 
2981412 
89299 
2907914 
124528 
94957 
197712 
184232 
189314 
197713 
197711 
48127 
23551 
5864688 
4451944 
5494048 
6032130 
5785889 
1069106 
5809051 
5795029 
5494049 
5981081 
5674620 
190914 
207591 
196429 
830801 
134086 
2958139 
694166 
113589 
4363689 
2319022 
3572134 
2465739 
900976 
521138 
3547740 
3891200 
915880 
2490404 
3965089 
595091 
719177 
180883 
184129 
199302 
916092 
9975 
5753586 
5262369 
5581241 
638059 
5776534 
2785023 
69319 
123471 
5855284 
134760 
181083 
176089 
196200 
625612 
51448 
2318350 
1363 
5495429 
3006082 
165542 
1113391 
51449 
111221 
120050 
493733 
5995174 
5855468 
5990520 
6018289 
5103083 
185862 
184149 
190942 
182537 
192637 
780696 
179332 
195948 
145866 
3595925 
149165 
177648 
201986 
713622 
207334 
1105018 
54672 
3964331 
199016 
962778 
1071977 
47684 
1051545 
2908955 
5238845 
736434 
2122000 
1122125 
193395 
1018223 
85795 
3079981 
3202983 
3129259 
3129391 
198681 
542279 
186481 
912674 
196481 
61815 
2614296 
1135360 
515529 
813613 
3253419 
1678780 
205258 
66683 
516752 
4617771 
2220750 
620456 
3473267 
959757 
196022 
196021 
63705 
1726886 
1830 
4518503 
5906311 
1049811 
206001 
195305 
533493 
190644 
769102 
208071 
137948 
3645331 
1119591 
77838 
606584 
60038 
606520 
188877 
205018 
912211 
116325 
3080723 
4364268 
2319434 
44583 
1801313 
1117884 
3890759 
1801314 
3227551 
935522 
179133 
649893 
135740 
2170683 
708021 
174237 
23003 
5901860 
3202773 
140310 
106899 
5850748 
725504 
4886515 
174238 
189228 
182530 
187590 
652678 
197480 
164895 
2834280 
40225 
950402 
116513 
1117934 
2859113 
1998547 
902429 
134342 
3719706 
41086 
4363437 
159619 
2269845 
523899 
2072905 
1022067 
858459 
8583 
5976296 
5492006 
5938705 
5966824 
3743127 
116781 
122345 
98279 
73702 
6022756 
754463 
181091 
1014138 
181614 
1106155 
95330 
1065314 
862614 
701989 
774865 
3375844 
2441917 
600680 
1084545 
920164 
189985 
208383 
31939 
1728049 
5379984 
1131630 
3301947 
1080768 
73568 
3104490 
3129434 
1120447 
200843 
1061737 
73532 
1117101 
36836 
2367625 
2294128 
2957159 
795726 
50179 
3276681 
3890541 
3178550 
1121292 
162397 
989590 
87786 
2294355 
63951 
3277236 
4363460 
610900 
4186398 
731678 
207343 
882798 
113301 
67977 
1826021 
86925 
2465436 
33428 
193566 
957902 
198052 
655580 
141020 
2392744 
73209 
5332930 
130837 
1133623 
173559 
34932 
712169 
4976151 
1017653 
100631 
1079914 
2171073 
940016 
2146601 
810678 
200245 
179747 
793996 
1064596 
612630 
35194 
3572497 
3621700 
1605239 
1851185 
5135806 
1123096 
209366 
189308 
180970 
528518 
199529 
167154 
4037885 
35884 
147006 
9438 
5679126 
5878468 
4509137 
493218 
5637296 
6027289 
192277 
909628 
194408 
1051800 
15910 
1093223 
5799643 
921787 
1114176 
59180 
177585 
193083 
903090 
209312 
878585 
47707 
4750031 
2638441 
208917 
1066520 
144519 
3276740 
162256 
162255 
118733 
64609 
86861 
188851 
706382 
204663 
827681 
985636 
888614 
62875 
591014 
1135447 
126297 
982502 
708004 
10227 
5494707 
909493 
3546705 
115624 
5224691 
185907 
172126 
1046155 
663512 
731381 
1134075 
205888 
197986 
601631 
173989 
587454 
163609 
3645413 
163608 
3104595 
113306 
2736013 
149023 
3399249 
163607 
3203059 
89146 
3743409 
99196 
3718886 
2637650 
1702389 
3227647 
193937 
65825 
1554565 
163610 
2662223 
1116197 
2908130 
202380 
1083602 
175698 
527919 
201333 
80465 
1112823 
3270 
4547009 
5488597 
6031841 
604283 
5488598 
182716 
809795 
2844 
5594906 
1924300 
44882 
967427 
5571774 
196201 
532423 
113358 
3301135 
145789 
3522068 
3350240 
186480 
201990 
173563 
5342314 
2884620 
4186254 
1126354 
615402 
799864 
1056388 
2023195 
1051860 
22703 
529871 
21471 
712939 
11021 
814748 
23603 
582566 
26479 
940404 
4072 
644872 
11747 
1104864 
6722 
761241 
23613 
1056799 
20479 
1022904 
11298 
809909 
9871 
606400 
14587 
771073 
16902 
940410 
13162 
531752 
13667 
531649 
3398 
819672 
18 
844031 
5019 
1085495 
26929 
770987 
22899 
620792 
26938 
925847 
27003 
892140 
8181 
659511 
14604 
930721 
16629 
649695 
2921 
531629 
25241 
805288 
18576 
693522 
10568 
935485 
4828 
1080734 
275 
1061555 
17592 
974533 
5786 
877797 
5059 
950161 
26886 
746941 
17844 
964715 
22908 
531515 
7966 
1100024 
21226 
611287 
16907 
669472 
26760 
785685 
21497 
834349 
13666 
1032615 
8177 
853697 
17383 
530782 
21929 
635385 
19279 
959936 
26480 
911501 
19287 
529711 
8187 
678991 
19044 
868253 
2924 
839065 
23169 
659518 
174239 
17841 
863455 
10572 
795614 
3815 
940402 
24055 
737164 
194187 
9870 
1080729 
18583 
587385 
10321 
834356 
24017 
698272 
82 
925905 
24534 
625680 
9592 
1032564 
19034 
1032563 
5770 
940418 
12024 
732409 
8168 
858541 
2213 
688482 
15969 
1022854 
12920 
615906 
22173 
916229 
26002 
988857 
26849 
722743 
2408 
679040 
6724 
906584 
14361 
606404 
19250 
1076016 
12459 
625708 
9194 
630548 
7957 
717707 
6720 
606272 
13895 
1075895 
10604 
204215 
194189 
529971 
3388 
531727 
198455 
651088 
115103 
2441995 
3597034 
3081126 
1104000 
591907 
14061 
710820 
2489785 
97106 
4185421 
144690 
761283 
18523 
5495786 
5651313 
822474 
5702612 
5739969 
5206171 
6018238 
175996 
189297 
545737 
13392 
930667 
1955 
529655 
6245 
819700 
10329 
1032567 
8413 
775829 
6018 
644917 
7696 
887381 
32 
916188 
51 
979220 
14842 
1056807 
15727 
906695 
27256 
1037376 
11760 
674115 
2419 
529743 
19047 
708135 
10577 
877838 
9143 
611286 
15054 
529451 
21494 
611165 
12921 
984005 
25982 
644827 
13888 
955077 
9864 
858648 
9572 
805281 
27220 
531586 
20742 
858632 
22696 
843954 
21713 
727675 
21207 
1027742 
5505 
616022 
5031 
1109748 
16428 
882702 
21492 
887333 
5058 
194186 
897009 
13868 
1085412 
26808 
1095121 
24974 
863465 
25458 
189456 
582376 
167289 
1801120 
9298 
949880 
5103045 
5491100 
5943318 
805198 
24575 
209190 
839137 
27192 
1071159 
6719 
1066368 
2442 
606394 
18336 
727667 
20738 
644920 
274 
1080724 
8673 
1061678 
8891 
795486 
16425 
901771 
1029 
746843 
25258 
887421 
16206 
596709 
269 
664505 
8902 
858519 
23595 
993883 
525 
587321 
19324 
1008421 
19505 
1013169 
16201 
529709 
17864 
984044 
2454 
1095135 
3145 
644832 
23612 
582562 
26695 
848879 
27046 
654716 
19284 
882662 
18816 
882710 
22431 
775922 
10561 
1061635 
26851 
911506 
9595 
530916 
3832 
1042295 
15494 
635336 
19036 
703209 
2212 
530921 
26928 
601537 
6758 
640145 
6258 
669420 
22697 
964709 
21001 
531779 
785784 
27237 
1013182 
23143 
756535 
10305 
1061671 
5528 
892142 
27191 
819699 
24773 
703223 
19022 
819707 
1011 
839144 
14790 
1066258 
530811 
24043 
737254 
3644 
756530 
209191 
285 
935500 
21692 
911404 
8411 
751769 
26789 
1075959 
7204 
843967 
15038 
611247 
26734 
964592 
3849 
1047154 
10095 
911505 
3393 
877836 
26852 
529738 
13671 
529527 
19760 
530781 
7925 
868139 
23607 
1032540 
12074 
998688 
7199 
717782 
19987 
530917 
10797 
945203 
1729 
756399 
6763 
872937 
27221 
1018114 
5037 
531662 
17602 
911512 
11023 
14370 
177273 
616091 
36805 
2244579 
144598 
3153836 
625796 
209040 
916320 
180641 
44646 
163634 
2834343 
110096 
190278 
766855 
191433 
583863 
109632 
891829 
946643 
181882 
159160 
790338 
4363125 
3055995 
3154433 
867506 
2687225 
737343 
54703 
3988904 
202395 
1095818 
88898 
4513709 
122436 
3743971 
1125698 
4235452 
2687521 
2465658 
516879 
1065867 
180237 
201572 
709298 
178179 
156975 
3769157 
118460 
2343998 
156974 
2319664 
142880 
1070134 
3842793 
35286 
2909203 
3080987 
3842824 
628899 
778988 
193622 
620964 
79157 
4136204 
55789 
3399152 
164354 
1554625 
60241 
2981710 
112255 
3129386 
33472 
3522321 
164353 
2932731 
3988851 
2220419 
3350367 
1604270 
3988966 
1801440 
199120 
179071 
1073986 
189021 
182364 
181939 
43355 
1122776 
102766 
3129769 
148796 
1129260 
47740 
1128394 
80596 
4928977 
121912 
3448693 
68412 
799660 
32675 
4087939 
159523 
2245100 
3375456 
3964704 
3965159 
3031216 
852901 
755678 
794882 
522631 
785373 
1017485 
524271 
780236 
198705 
183595 
616603 
104406 
3130142 
4363260 
116588 
4210273 
2637711 
2981590 
209472 
67045 
2145820 
115692 
4264 
5749015 
5855244 
1059569 
4726742 
6078610 
1018008 
184187 
32384 
1554431 
79220 
21567 
795321 
906378 
5394100 
5642096 
5494846 
201027 
192886 
528629 
176106 
192813 
25640 
1025683 
2932522 
57058 
5855258 
891978 
58122 
88187 
2809525 
25583 
783643 
5845963 
5739916 
5860028 
115665 
184263 
207881 
639975 
6097 
1554385 
127998 
5896935 
807919 
194457 
197752 
184264 
1085376 
166480 
209409 
166479 
1998326 
5843 
5609298 
5762761 
5572029 
1020845 
106956 
529501 
175953 
199329 
82602 
3276476 
19848 
6069558 
5762887 
494156 
5609426 
5901851 
202630 
741908 
78133 
2637432 
30099 
5827490 
493241 
179358 
182611 
834148 
22626 
710845 
2342751 
86061 
5855163 
189499 
209547 
703040 
206058 
29347 
493670 
5980962 
3252122 
81515 
5576672 
207649 
187629 
201026 
814647 
194564 
1386 
827399 
5412914 
2613079 
38164 
5488526 
5799264 
181258 
202981 
531611 
23155 
631168 
178579 
90041 
2637971 
1128059 
863021 
4363139 
741227 
190266 
596605 
181259 
99428 
1875127 
18957 
943146 
5799263 
5488525 
5873629 
4447259 
5906052 
206233 
186250 
912007 
52248 
2712065 
108767 
3031084 
1949477 
5013468 
2613904 
746090 
634925 
863552 
200672 
106788 
2367478 
34539 
3964569 
4160871 
1121643 
827495 
933421 
5074574 
5971618 
5771892 
