 2 29343 
 3 17117 
 4 10236 
 5 7836 
 6 7466 
 7 7034 
 8 4896 
 9 3720 
 10 2779 
 11 2123 
 12 1449 
 13 1142 
 14 936 
 15 755 
 16 617 
 17 525 
 18 419 
 19 388 
 20 299 
 21 268 
 22 214 
 23 194 
 24 176 
 25 114 
 26 117 
 27 111 
 28 101 
 29 87 
 30 73 
 31 53 
 32 55 
 33 42 
 34 45 
 35 38 
 36 34 
 37 36 
 38 36 
 39 29 
 40 22 
 41 24 
 42 25 
 43 26 
 44 25 
 45 13 
 46 18 
 47 14 
 48 17 
 49 13 
 50 10 
 51 11 
 52 9 
 53 7 
 54 9 
 55 10 
 56 5 
 57 5 
 58 8 
 59 5 
 60 7 
 61 10 
 62 9 
 63 5 
 64 9 
 65 8 
 66 7 
 67 7 
 68 5 
 69 5 
 70 5 
 71 3 
 72 2 
 73 1 
 74 2 
 75 5 
 76 5 
 77 3 
 78 1 
 79 4 
 82 3 
 83 1 
 84 3 
 85 1 
 86 2 
 87 3 
 88 2 
 89 3 
 91 1 
 93 4 
 95 1 
 96 2 
 101 1 
 102 1 
 103 3 
 104 1 
 105 1 
 108 1 
 109 3 
 110 1 
 112 1 
 114 1 
 115 1 
 116 2 
 118 2 
 119 2 
 120 2 
 121 1 
 122 2 
 124 1 
 125 1 
 126 1 
 127 1 
 128 1 
 136 1 
 138 1 
 140 1 
 142 1 
 143 1 
 147 1 
 148 1 
 149 1 
 153 1 
 157 1 
 159 1 
 161 1 
 164 1 
 165 1 
 167 1 
 168 1 
 172 1 
 173 1 
 189 1 
 194 1 
 198 1 
 203 1 
 221 1 
 245 1 
 255 1 
 257 1 
 280 1 
 282 1 
 294 1 
 337 1 
 370 1 
 379 1 
 566 1 
 667 1 
 1625 1 
 2828 1 
