2  1076003  27150 
2  27046  848879 
2  530920  7463 
2  10321  587385 
2  24295  998737 
2  3823  654724 
2  26734  611247 
2  1013169  16201 
2  25258  746843 
2  969479  7943 
2  810015  5762 
2  805176  24278 
2  756434  7710 
2  6280  911422 
2  530783  19274 
2  1032564  19034 
2  984044  2454 
2  746938  1253 
2  26928  530921 
2  25454  770986 
2  959936  26480 
2  529451  21494 
3  529956  8702  190918 
2  3644  737254 
366  902429  41086  3719706  134342  2072905  159619  1022067  2269845  4363437  523899  195305  858459  73702  3743127  116781  122345  98279  8583  5976296  754463  5492006  5938705  6022756  5966824  181091  959757  1830  5906311  4518503  1726886  63705  1049811  196021  196022  198681  1080768  200843  957902  198052  882798  33428  2465436  86925  1826021  67977  113301  1061737  36836  2957159  73532  1117101  2294128  2367625  989590  193566  87786  4186398  63951  3277236  731678  4363460  2294355  610900  655580  73209  5332930  141020  2392744  130837  1133623  795726  162397  50179  3276681  3178550  3890541  1121292  73568  1120447  3129434  3104490  1106155  181614  1014138  189985  31939  1728049  1131630  5379984  3301947  95330  600680  774865  920164  1065314  3375844  2441917  862614  1084545  701989  1018223  201986  713622  173559  34932  712169  4976151  1017653  100631  810678  200245  179747  793996  1064596  612630  35194  1605239  3572497  3621700  2171073  940016  2146601  1851185  1079914  5135806  1123096  1105018  199016  962778  1071977  193395  47684  2908955  736434  5238845  1122125  1051545  2122000  54672  3964331  780696  149165  3595925  145866  179332  189308  196200  916092  69319  2785023  123471  9975  5776534  638059  5581241  5262369  5753586  5855284  134760  181083  176089  625612  111221  2318350  51449  3006082  120050  1113391  51448  1363  5855468  6018289  5995174  5103083  5990520  493733  5495429  165542  184149  190942  182537  192637  185862  809795  44882  1924300  2844  5594906  5571774  967427  196201  528518  199529  192277  1051800  59180  1114176  15910  1093223  5799643  921787  177585  194408  1066520  64609  3276740  144519  162255  86861  118733  162256  188851  878585  193083  903090  172126  731381  1134075  1046155  663512  706382  204663  888614  62875  1135447  126297  591014  985636  827681  982502  708004  115624  3546705  10227  5224691  5494707  909493  185907  47707  4750031  2638441  909628  147006  4037885  167154  35884  9438  5637296  5878468  6027289  493218  5679126  4509137  182716  197986  601631  163610  2662223  65825  1116197  1554565  2908130  175698  202380  1083602  173989  587454  149023  3399249  163607  2736013  99196  3203059  113306  1702389  163608  3227647  163609  2637650  89146  3104595  3743409  3645413  3718886  193937  527919  3270  5488597  604283  4547009  6031841  5488598  1112823  80465  201333  180970  195948  177648  85795  3129259  3079981  3202983  3129391  542279  196481  912674  61815  3253419  1135360  2614296  813613  1678780  515529  186481  66683  4617771  620456  2220750  3473267  516752  533493  137948  1119591  60038  606584  77838  3645331  190644  769102  950402  116513  1998547  1117934  2859113  606520  44583  3227551  3890759  1117884  1801313  1801314  188877  935522  164895  2834280  40225  179133  708021  189228  106899  3202773  140310  23003  4886515  5901860  5850748  725504  174237  182530  187590  174238  652678  197480  649893  135740  2170683 
2  751761  1484 
6  2735893  64724  1076060  114412  2785174  164265 
2  1080729  18583 
2  27003  925847 
2  839065  23169 
2  26809  824443 
2  6010  596690 
2  22703  1051860 
2  751716  27249 
2  858519  23595 
2  529527  19760 
2  11747  644872 
2  625708  9194 
30  5632494  15851  1008155  528051  111361  4160622  202948  984197  180661  60206  2932680  151233  1998535  1117813  754607  542898  141661  2490696  1122785  2908493  2638402  519768  1998803  5210686  949391  582157  5674382  5790200  5762537  5947898 
2  10095  1047154 
2  630550  16913 
2  8421  582557 
2  8413  1032567 
2  7476  531618 
2  1954  732451 
2  22168  582499 
2  834356  24017 
2  1022911  985 
2  26695  582562 
2  1032563  5770 
2  6722  1104864 
2  644827  13888 
2  530781  7925 
2  1085412  26808 
2  4318  746826 
35  771169  56821  2588754  1677920  193908  1083601  877719  80382  2465195  20820  520847  725575  5985674  1074340  5641987  199453  190344  960514  34331  3719418  114181  1653909  3179137  2121693  794816  1629337  2441258  978915  4693161  185243  183037  619045  1033910  55369  958525 
2  819700  10329 
2  693522  10568 
2  858541  2213 
2  644920  274 
194  974189  20589  5994919  5864510  5693121  858437  177391  659463  184026  838985  42553  1112741  19154  5641996  642825  5845949  5850606  5669859  181040  717725  18344  649869  45814  3472905  3448631  3694316  683810  17858  1047035  63764  3448166  5968  5776449  5375276  6031970  822452  5618427  6022680  42609  916086  147010  3841469  1680  5748995  5140527  5906216  1073870  5864527  5952723  5730412  142616  133590  121201  194414  176239  1027598  125756  1801118  152573  131373  6907  5735061  493168  5976147  5613810  5864437  5206119  167925  202939  194677  528717  123469  2440639  16569  5037095  5915478  938210  501512  703108  27886  1001848  1099825  3509  1702148  97184  29938  5952754  866191  5873787  528625  166963  3816959  5827376  5707216  880558  4905476  194426  16856  5999572  618741  5827318  2318333  35896  999349  113103  4013889  1628956  1041499  4863094  2908899  732154  59481  1129315  127085  2097400  3301604  634471  3768507  4825510  4038511  523658  902520  178524  2638071  698411  126722  3079970  2220167  2613196  92783  3521941  121218  187448  877926  204082  1032510  23814  596681  4579  1095129  10573  940407  12719  1080728  27074  853547  166327  1825845  201098  72453  1115841  969674  83584  2736143  3546819  199756  807991  14936  4185484  165475  1066257  194199  182515  192622  179412  746780  24418  4451940  5697858  969254  49264  191115  184313  4481061  6078838  5995182  529108  7635  5614033  3423760  70372  32410  4745386  1016018  5493950  174313  189321  728506  56053  519553  2368206  4863158  3154521  201776 
2  877836  26852 
2  974533  5786 
2  770987  22899 
2  644832  23612 
2  5525  790753 
2  531662  17602 
2  843954  21713 
2  16420  901737 
2  19287  911501 
2  12074  1032540 
2  606394  18336 
2  19284  654716 
9  3104854  106600  3449157  858253  926561  896186  4363138  3744064  1123774 
2  6758  601537 
2  16641  780741 
2  8677  930707 
2  26846  805183 
2  882702  21492 
2  7938  950140 
2  15292  1071086 
2  19505  1008421 
2  611286  15054 
2  703209  2212 
2  17383  853697 
2  18  819672 
2  950161  26886 
2  16636  872852 
2  27236  659618 
2  844015  11766 
2  27191  892142 
2  10577  708135 
2  727675  21207 
2  24774  1099897 
2  529738  13671 
2  8891  1061678 
2  1056797  16648 
2  19036  635336 
2  1237  984004 
12  56864  3792506  1008558  202409  204030  814956  64632  3964604  2244806  1924663  2490246  3743478 
2  19250  606404 
2  24773  819699 
2  32  887381 
19  728221  123642  3719319  2884185  2933439  1070775  116936  3596938  4646116  1022251  3989581  645821  5182391  1131944  1089736  1752281  3792873  2245365  920222 
3  1003677  180855  6251 
2  39  529654 
2  664505  8902 
2  2438  592050 
2  814748  23603 
2  27192  839137 
2  935382  19045 
2  644917  7696 
2  964592  3849 
2  737141  6963 
2  1739  911504 
2  7455  766178 
2  669337  26806 
2  863353  27089 
2  1047125  5302 
2  24972  998692 
2  26929  1085495 
2  1061635  26851 
2  6763  756399 
2  531649  3398 
2  1027678  10312 
2  834260  22197 
2  13906  921020 
2  761241  23613 
2  640145  6258 
3  3628  790756  189110 
2  775922  10561 
2  592049  2691 
2  10556  688497 
2  761330  3122 
2  988857  26849 
2  1109655  9610 
2  16664  712911 
2  703223  19022 
2  5059  877797 
2  16428  1109748 
2  6757  1100011 
2  698364  22661 
2  21471  529871 
2  5037  1018114 
2  770981  26996 
2  940410  13162 
2  1037355  13200 
2  644818  11045 
2  529870  6727 
2  13886  1027744 
2  20746  930706 
2  708079  17594 
60  184232  1056666  63687  2907914  94957  2981412  124528  89299  197711  189314  48127  197713  174308  1069106  23551  6032130  5494049  5809051  5864688  5981081  4451944  5494048  5785889  5674620  5795029  529999  180883  64794  3571223  22982  5795120  5495640  5159350  798333  5943574  165447  32364  199302  184129  196429  719177  595091  830801  134086  2958139  694166  113589  4363689  3547740  521138  3572134  3965089  915880  2490404  2319022  900976  2465739  3891200  190914  197712 
2  7199  998688 
2  26002  916229 
2  529711  8187 
2  863455  10572 
3  9870  737164  194187 
469  28336  933421  5771892  3153508  102533  528984  202982  528035  31347  2047205  121257  49342  4742  5818036  5720876  5947895  996579  5489174  5785623  5604392  129174  531611  23155  688609  2682  717870  83686  2711307  1117715  1801318  596605  18957  5488525  5799263  943146  4447259  1875127  99428  5906052  5873629  186250  181259  912007  52248  3031084  108767  2613904  5013468  634925  746090  2712065  1949477  631168  190266  178579  90041  741227  1128059  2637971  863021  4363139  827495  863552  106788  1121643  34539  3964569  2367478  4160871  200672  756340  189429  176119  635920  42163  2171452  68948  2171026  1130561  4731278  624966  524090  190381  64878  1114049  131334  177786  200583  545443  51059  1727804  3129692  4467027  1051182  524917  1124964  679239  133336  84639  53506  2440962  108892  896856  102555  3988737  166598  3055221  148059  166597  3945  5933994  5337541  5804339  5613970  493803  5845935  5721095  5739887  117877  57033  191520  646209  115967  886414  3449353  687621  3130179  1555741  1138352  935525  74709  3866169  144648  3596020  66939  164874  177727  189430  194398  1018008  79220  1554431  32384  192886  891978  88187  2809525  25583  5739916  5860028  5845963  783643  197752  184264  58122  184263  115665  834148  22626  2342751  86061  710845  5855163  189499  639975  127998  1554385  6097  807919  5896935  194457  703040  29347  5576672  5980962  493670  3252122  81515  741908  179358  30099  493241  2637432  78133  5827490  182611  528629  25640  1025683  2932522  57058  5855258  192813  176106  529501  82602  3276476  19848  5901851  5609426  5762887  6069558  494156  199329  175953  202630  1085376  106956  166480  5843  1020845  1998326  166479  5762761  5609298  5572029  201027  201026  187629  184187  21567  5494846  5642096  795321  906378  5394100  635417  121077  1875347  1949269  814647  194564  181258  1386  2613079  38164  5799264  827399  5412914  5488526  202981  1099836  202388  892227  116588  2981590  4210273  2637711  182489  596888  163854  1116625  3596261  746890  21939  1110379  126432  4617532  4235604  1027023  524303  759775  616603  104406  3130142  4363260  817861  542103  159523  3031216  102766  3964704  68412  3448693  43355  4928977  148796  3375456  80596  524271  32675  4087939  121912  3965159  47740  3129769  1122776  2245100  1128394  1129260  785373  780236  799660  755678  794882  1017485  852901  522631  201572  709298  156975  2909203  156974  2319664  142880  2343998  118460  3842793  35286  3842824  3769157  3080987  1070134  178179  778988  628899  196328  691757  176357  943147  14469  5572028  5618567  501491  5609292  683759  58130  1924310  113460  5869155  4136019  9722  880616  5627909  654553  196066  119011  4914861  839247  147892  1579470  132261  3153809  51311  2514704  57953  82447  177273  616091  144598  2244579  36805  3153836  940223  105952  2244493  28914  5804214  759280  5878423  192873  1066988  118574  5201208  828700  1122014  2270206  3080693  1051483  2785854  3154455  2613973  737343  202395  54703  3988904  1085617  101343  1115803  66893  1095358  202263  182180  135637  3497449  1095818  180237  88898  2687521  122436  3743971  4513709  516879  2465658  1065867  4235452  1125698  625796  44646  190278  766855  181882  191433  583863  109632  946643  891829  159160  3055995  2687225  4363125  790338  867506  3154433  180641  916320  163634  2834343  110096  193622  620964  189021  79157  1801440  33472  3399152  55789  1604270  164353  3129386  60241  2220419  112255  3522321  164354  2981710  2932731  3988966  4136204  1554625  3988851  3350367  199120  182364  179071  1073986  181939  198705  183595  4264  1059569  4726742  5855244  2145820  115692  67045  5749015  6078610  198712  621489  197744  132031  3031166  4362922  746474  1128094  35830  5074574  5971618 
2  5261  596826 
2  21497  785685 
2  1022899  13902 
2  8177  1032615 
2  1061671  5528 
2  10330  722727 
2  7204  1075959 
2  4332  529973 
2  3393  911505 
48  5901814  16073  6046207  5252938  5869257  5646613  5674657  778701  5494662  829372  182768  785618  189486  184400  175292  622515  99739  1802425  1076573  185185  33182  1094420  2982155  930329  3890947  2220757  3031354  3203479  5032249  3621125  178600  25575  2022717  140418  5604475  6064688  5943281  5187269  6041326  1093226  5836691  186131  187825  56992  2416219  136972  146930  195924 
2  974534  3162 
2  795487  25712 
3  194186  887333  5058 
2  20744  635373 
2  23143  1013182 
2  530777  17840 
2  1104906  11769 
2  18576  805288 
2  4057  887330 
2  795607  4573 
2  27432  935409 
2  5286  940408 
2  3388  529971 
2  630548  7957 
2  1051944  23815 
2  18816  882662 
2  531515  7966 
2  26801  930648 
2  1718  877895 
2  2913  615972 
2  27257  1080722 
2  269  596709 
2  13666  834349 
3  863565  76814  2318475 
2  1022854  12920 
2  14842  979220 
2  5505  1027742 
2  20479  1056799 
2  601435  3618 
2  620792  26938 
2  11760  1037376 
2  9597  531684 
2  17864  529709 
2  679024  4807 
2  930716  14370 
2  20738  727667 
6  113358  3522068  145789  3350240  532423  3301135 
2  6502  780848 
2  611165  12921 
2  1099918  2424 
2  21940  531683 
2  964709  21001 
2  640147  27045 
2  530812  23147 
2  12926  785666 
2  14373  722734 
2  698272  82 
2  8174  640148 
2  23364  863364 
2  9871  809909 
3  529838  2443  202613 
2  9864  955077 
2  14790  839144 
2  771034  23796 
2  26479  582566 
2  27221  872937 
2  17592  1061555 
2  897009  13868 
2  20247  1061677 
2  6018  775829 
2  21954  872934 
2  712999  22677 
2  868253  2924 
2  659511  14604 
2  887421  16206 
2  17393  592053 
2  790715  4799 
2  13895  606272 
2  4072  940404 
4  204215  1075895  10604  194189 
2  1051827  12275 
2  21960  1080641 
2  530782  21929 
2  679040  6724 
2  4828  935485 
2  814736  6277 
2  679020  24268 
2  669476  17825 
13  805198  189456  582376  167289  1801120  9298  5943318  5491100  5103045  949880  863465  25458  24575 
2  722613  9371 
2  22420  974481 
2  25982  984005 
2  669420  22697 
2  1013287  13907 
3  2930  530217  197604 
2  26737  649764 
2  950249  13905 
2  839147  14353 
2  22648  1100033 
2  717782  19987 
2  22918  974535 
2  9143  877838 
2  15969  688482 
2  531749  12928 
2  3832  530916 
2  26760  669472 
2  531823  15277 
2  529743  19047 
2  1075923  10588 
2  21203  1085552 
28  115103  2441995  3081126  3597034  1104000  651088  198455  531727  13392  591907  14061  5739969  5702612  5206171  6018238  2489785  97106  4185421  144690  761283  18523  5495786  5651313  822474  710820  175996  189297  545737 
2  8181  892140 
2  26702  531807 
2  24058  1037392 
2  930667  1955 
2  530154  27367 
2  771068  12712 
2  26850  858518 
2  945203  1729 
2  285  756530 
2  11522  940414 
2  529760  2418 
2  892144  3630 
2  531629  25241 
2  930721  16629 
2  10320  529567 
2  27255  882701 
2  786  751678 
2  858632  22696 
2  858638  27197 
2  940418  12024 
2  12459  1076016 
2  810006  6023 
2  24534  925905 
2  819707  1011 
2  737257  27048 
241  1137268  31619  514214  701966  4211328  3916168  3695263  553286  191938  733146  86681  1826795  121437  1127297  523682  3473548  102149  3277518  4551560  1653640  687712  189659  674021  64942  2735732  86092  1579120  32529  30426  5919742  986823  5790153  5488530  5711689  5808756  5753382  5915274  5804082  5488531  5488529  5637126  5855057  4650733  5744311  5961873  6055289  168259  73788  168258  46019  131392  201339  189699  742817  200125  555800  53007  2270528  3547974  857388  40514  3179084  519534  2638247  1129806  3350664  4844349  197989  1099813  110314  2907903  24645  5604434  764116  5947929  6008778  5337418  204081  532416  164623  3546708  46774  1119012  984273  1116430  904624  184436  873057  152305  2294082  108946  722524  184477  148162  3472682  73771  1875208  92822  150361  149284  1063  5966644  5641780  5489088  5660280  5637163  5757944  5841286  5489089  5985454  5609073  6004107  5711713  5915299  4858406  1107636  5739703  5771638  6008740  5980813  6036582  5892253  105997  152580  37039  90531  101585  69387  91666  99414  90532  72636  57114  181471  683932  193631  742613  124171  687746  4363678  147697  4186281  2589552  1875960  1075615  1122552  198724  1083486  18236  1924332  109168  620727  176157  691754  5490868  5641868  818399  5581164  977626  498938  869382  73132  2884850  4088054  4211445  2023918  139136  1117134  107939  1899876  749835  184476  176255  199646  1104913  1239  993807  27704  179252  187868  611290  15042  639963  179538  62637  2121117  121243  1113055  2097  5868995  493181  204491  5813456  5590377  4451804  5887623  5489725  5599668  5632528  167829  148142  71553  90516  39294  192927  204490  186191  911431  1993  877689  8307  5896962  3350043  51537  5491097  744761  4449951  176145  192846  993892  24538  814659  184443  51575  2956946  8367  5748911  894864  5576547  182801  177900  858549  16937  649704  11791  175938  64928  179562  179563  202953  2023951 
2  746941  17844 
2  25023  530074 
2  22431  882710 
2  4061  925937 
2  24096  679082 
2  2408  722743 
2  790645  10809 
2  1022904  11298 
2  6719  1071159 
3  175925  640063  23406 
2  732409  8168 
2  17599  897004 
2  911506  9595 
3  11076  529955  189211 
2  27256  906695 
3  175861  834352  992 
2  12704  863467 
2  1061577  16922 
2  5023  805293 
3  174239  659518  17841 
2  916188  51 
2  26918  766188 
2  654598  21928 
2  795486  16425 
2  843967  15038 
2  868139  23607 
2  940402  24055 
2  11021  712939 
40  6542  531456  174465  582441  31221  1726893  25167  5637480  5897205  5271626  493247  123396  175965  853510  189805  622133  113736  1026924  3498395  2270603  93902  1850344  53791  143721  41515  18214  5613871  6045975  6064708  838808  730330  5490913  5976232  4905322  5660398  5660397  6036689  805278  16447  199217 
2  6992  530225 
2  834348  14798 
2  6259  819652 
2  1013295  9155 
2  858648  9572 
2  531586  20742 
2  21518  1047201 
2  529857  23802 
2  678991  19044 
2  529662  7993 
2  2921  649695 
2  22173  615906 
2  15727  1056807 
2  24290  683803 
3  27057  531679  189111 
2  2419  674115 
2  587321  19324 
2  24779  906608 
60  1002806  151729  1950269  3105488  1137064  924663  738451  186480  542903  179818  1016322  842283  159052  4186254  54448  2884620  91735  1129001  53361  1133811  5342314  1974692  1678288  523887  159651  1127642  541925  3105246  1070350  3744050  2023195  5389214  799864  522491  1123751  1056388  886628  1126354  615402  203587  885487  179094  819756  37946  4234966  164606  2588813  65882  1751898  132338  3374729  201990  173563  201545  3867366  828533  852530  1136721  3154918  2589906 
2  969446  11292 
2  275  1080734 
2  771073  16902 
2  22421  531741 
2  751769  26789 
2  8422  1056798 
5  2319434  116325  4364268  912211  3080723 
2  13667  531752 
2  834341  4572 
2  4313  756473 
2  6720  717707 
2  805281  27220 
2  15052  1008483 
2  531647  6507 
2  795614  3815 
2  21481  531691 
2  746820  8932 
2  14361  906584 
312  79393  785207  116910  95133  98411  1126654  91076  714006  191575  198267  1801893  4919634  2122069  157651  5314427  127446  549169  198290  109265  3817598  1130637  5098307  3031478  3301655  3891123  2490702  645818  175020  606512  204421  1052042  135699  3472913  35659  1973937  110071  4038144  163249  4136059  130014  3178482  136834  3129235  1117191  182291  187406  858890  81142  3596287  2514941  1121019  1121020  1801617  988793  189418  146995  3153582  21615  5794921  5966810  720646  196061  626396  129346  3694526  1129333  853277  5464924  3473309  1974439  3989642  3448874  3670652  741196  181453  914496  854928  55160  1103803  3400282  953990  1137682  682941  628955  752366  107668  1629282  586554  2859844  5323461  915813  1604330  175319  635475  108939  2269432  145700  2465308  103472  533010  195648  960559  196924  783676  202399  177317  110475  3939889  110476  2072600  2982566  3080692  872561  750940  2171353  4645997  1099198  2761161  2662565  3375116  993499  150146  1116840  102393  1628810  2465375  4111766  3399057  2883928  3202868  688675  199644  834425  121033  3129221  76852  4013520  843803  197966  18035  5762532  6004108  5489120  5845726  4773667  5762531  5739706  5892259  5753415  5683749  5641784  3521881  168038  5781023  599456  5952603  5822664  5990183  5827229  80248  3841725  123296  198473  1056872  182329  596890  51338  52485  3546822  133432  1973785  626576  33726  3080515  780224  4787895  71337  2416648  112216  1900140  163770  2023117  2564044  2318572  175725  935283  187851  126902  4136013  23055  754517  5794814  5720937  735341  1018188  163828  2859085  33448  2834388  127790  3301166  59077  130042  1069285  582617  83635  1115648  2342896  2563939  2244585  854453  144320  983717  2539786  716986  1129960  2146985  4806663  4087381  2294322  960022  107863  3645333  57933  777125  156967  3891494  1137043  2860023  896889  199333  2995  739962  3104330  43691  5957695  189246  1107746  606986  149929  4966604  50006  1129140  121282  3399900  2465782  804852  790217  1122488  968806  927155  76269  2270536  929496  687383  3228769  780971  81276  2342904  73467  2908114  142368  587463  61314  2662123  945889  36044  925109  755688  3842426  2121747  678661  978584  4994591  2343327  3645897  3571741  187927  909801  501484  761169  167169  3129018  905  642853  5794893  5641893  4452669  732363  101507  1112435  9254  6041444  5697879  5990360  773798  55713  3006217  2613202  3571527  183293  1604536  3866725  521198  1604338  2047906  43209  551442  66598  4366526  1052848  48310 
2  1018016  2188 
2  12049  712991 
2  993883  525 
2  531630  11303 
2  23131  746943 
2  530917  10797 
2  901771  1029 
2  15494  1042295 
2  16907  611287 
2  3145  1095135 
2  984107  12937 
3  174128  703219  22665 
2  1080724  8673 
2  935500  21692 
2  5019  844031 
2  24974  1095121 
10  149193  766140  166475  2760521  1158  5422119  1020852  5655809  5739908  5493051 
2  9592  625680 
2  11742  746944 
2  1100024  21226 
2  616022  5031 
2  506  775807 
2  930668  15752 
2  26784  950210 
2  529655  6245 
2  14114  858647 
2  606400  14587 
2  19777  1056795 
2  8411  911404 
2  27275  1085484 
2  785784  27237 
3  189206  615923  4586 
2  10305  756535 
2  530811  24043 
2  606396  11296 
2  22908  964715 
2  19279  635385 
2  7216  906703 
2  863346  19517 
2  11023  911512 
2  872850  4330 
2  531685  27047 
2  19273  1066327 
2  679097  3620 
2  2442  1066368 
2  13668  877886 
2  529574  20478 
2  22902  1109754 
2  9827  959935 
2  930711  16429 
2  5793  674127 
2  23639  751672 
2  10552  896957 
