18 
32 
39 
51 
82 
269 
274 
275 
285 
506 
525 
786 
905 
985 
992 
1011 
1029 
1063 
1158 
1237 
1239 
1253 
1363 
1386 
1484 
1680 
1718 
1729 
1739 
1830 
1954 
1955 
1993 
2097 
2188 
2212 
2213 
2408 
2418 
2419 
2424 
2438 
2442 
2443 
2454 
2682 
2691 
2844 
2913 
2921 
2924 
2930 
2995 
3122 
3145 
3162 
3270 
3388 
3393 
3398 
3509 
3618 
3620 
3628 
3630 
3644 
3815 
3823 
3832 
3849 
3945 
4057 
4061 
4072 
4264 
4313 
4318 
4330 
4332 
4572 
4573 
4579 
4586 
4742 
4799 
4807 
4828 
5019 
5023 
5031 
5037 
5058 
5059 
5261 
5286 
5302 
5505 
5525 
5528 
5762 
5770 
5786 
5793 
5843 
5968 
6010 
6018 
6023 
6097 
6245 
6251 
6258 
6259 
6277 
6280 
6502 
6507 
6542 
6719 
6720 
6722 
6724 
6727 
6757 
6758 
6763 
6907 
6963 
6992 
7199 
7204 
7216 
7455 
7463 
7476 
7635 
7696 
7710 
7925 
7938 
7943 
7957 
7966 
7993 
8168 
8174 
8177 
8181 
8187 
8307 
8367 
8411 
8413 
8421 
8422 
8583 
8673 
8677 
8702 
8891 
8902 
8932 
9143 
9155 
9194 
9254 
9298 
9371 
9438 
9572 
9592 
9595 
9597 
9610 
9722 
9827 
9864 
9870 
9871 
9975 
10095 
10227 
10305 
10312 
10320 
10321 
10329 
10330 
10552 
10556 
10561 
10568 
10572 
10573 
10577 
10588 
10604 
10797 
10809 
11021 
11023 
11045 
11076 
11292 
11296 
11298 
11303 
11522 
11742 
11747 
11760 
11766 
11769 
11791 
12024 
12049 
12074 
12275 
12459 
12704 
12712 
12719 
12920 
12921 
12926 
12928 
12937 
13162 
13200 
13392 
13666 
13667 
13668 
13671 
13868 
13886 
13888 
13895 
13902 
13905 
13906 
13907 
14061 
14114 
14353 
14361 
14370 
14373 
14469 
14587 
14604 
14790 
14798 
14842 
14936 
15038 
15042 
15052 
15054 
15277 
15292 
15494 
15727 
15752 
15851 
15910 
15969 
16073 
16201 
16206 
16420 
16425 
16428 
16429 
16447 
16569 
16629 
16636 
16641 
16648 
16664 
16856 
16902 
16907 
16913 
16922 
16937 
17383 
17393 
17592 
17594 
17599 
17602 
17825 
17840 
17841 
17844 
17858 
17864 
18035 
18214 
18236 
18336 
18344 
18523 
18576 
18583 
18816 
18957 
19022 
19034 
19036 
19044 
19045 
19047 
19154 
19250 
19273 
19274 
19279 
19284 
19287 
19324 
19505 
19517 
19760 
19777 
19848 
19987 
20247 
20478 
20479 
20589 
20738 
20742 
20744 
20746 
20820 
21001 
21203 
21207 
21226 
21471 
21481 
21492 
21494 
21497 
21518 
21567 
21615 
21692 
21713 
21928 
21929 
21939 
21940 
21954 
21960 
22168 
22173 
22197 
22420 
22421 
22431 
22626 
22648 
22661 
22665 
22677 
22696 
22697 
22703 
22899 
22902 
22908 
22918 
22982 
23003 
23055 
23131 
23143 
23147 
23155 
23169 
23364 
23406 
23551 
23595 
23603 
23607 
23612 
23613 
23639 
23796 
23802 
23814 
23815 
24017 
24043 
24055 
24058 
24096 
24268 
24278 
24290 
24295 
24418 
24534 
24538 
24575 
24645 
24773 
24774 
24779 
24972 
24974 
25023 
25167 
25241 
25258 
25454 
25458 
25575 
25583 
25640 
25712 
25982 
26002 
26479 
26480 
26695 
26702 
26734 
26737 
26760 
26784 
26789 
26801 
26806 
26808 
26809 
26846 
26849 
26850 
26851 
26852 
26886 
26918 
26928 
26929 
26938 
26996 
27003 
27045 
27046 
27047 
27048 
27057 
27074 
27089 
27150 
27191 
27192 
27197 
27220 
27221 
27236 
27237 
27249 
27255 
27256 
27257 
27275 
27367 
27432 
27704 
27886 
28336 
28914 
29347 
29938 
30099 
30426 
31221 
31347 
31619 
31939 
32364 
32384 
32410 
32529 
32675 
33182 
33428 
33448 
33472 
33726 
34331 
34539 
34932 
35194 
35286 
35659 
35830 
35884 
35896 
36044 
36805 
36836 
37039 
37946 
38164 
39294 
40225 
40514 
41086 
41515 
42163 
42553 
42609 
43209 
43355 
43691 
44583 
44646 
44882 
45814 
46019 
46774 
47684 
47707 
47740 
48127 
48310 
49264 
49342 
50006 
50179 
51059 
51311 
51338 
51448 
51449 
51537 
51575 
52248 
52485 
53007 
53361 
53506 
53791 
54448 
54672 
54703 
55160 
55369 
55713 
55789 
56053 
56821 
56864 
56992 
57033 
57058 
57114 
57933 
57953 
58122 
58130 
59077 
59180 
59481 
60038 
60206 
60241 
61314 
61815 
62637 
62875 
63687 
63705 
63764 
63951 
64609 
64632 
64724 
64794 
64878 
64928 
64942 
65825 
65882 
66598 
66683 
66893 
66939 
67045 
67977 
68412 
68948 
69319 
69387 
70372 
71337 
71553 
72453 
72636 
73132 
73209 
73467 
73532 
73568 
73702 
73771 
73788 
74709 
76269 
76814 
76852 
77838 
78133 
79157 
79220 
79393 
80248 
80382 
80465 
80596 
81142 
81276 
81515 
82447 
82602 
83584 
83635 
83686 
84639 
85795 
86061 
86092 
86681 
86861 
86925 
87786 
88187 
88898 
89146 
89299 
90041 
90516 
90531 
90532 
91076 
91666 
91735 
92783 
92822 
93902 
94957 
95133 
95330 
97106 
97184 
98279 
98411 
99196 
99414 
99428 
99739 
100631 
101343 
101507 
101585 
102149 
102393 
102533 
102555 
102766 
103472 
104406 
105952 
105997 
106600 
106788 
106899 
106956 
107668 
107863 
107939 
108767 
108892 
108939 
108946 
109168 
109265 
109632 
110071 
110096 
110314 
110475 
110476 
111221 
111361 
112216 
112255 
113103 
113301 
113306 
113358 
113460 
113589 
113736 
114181 
114412 
115103 
115624 
115665 
115692 
115967 
116325 
116513 
116588 
116781 
116910 
116936 
117877 
118460 
118574 
118733 
119011 
120050 
121033 
121077 
121201 
121218 
121243 
121257 
121282 
121437 
121912 
122345 
122436 
123296 
123396 
123469 
123471 
123642 
124171 
124528 
125756 
126297 
126432 
126722 
126902 
127085 
127446 
127790 
127998 
129174 
129346 
130014 
130042 
130837 
131334 
131373 
131392 
132031 
132261 
132338 
133336 
133432 
133590 
134086 
134342 
134760 
135637 
135699 
135740 
136834 
136972 
137948 
139136 
140310 
140418 
141020 
141661 
142368 
142616 
142880 
143721 
144320 
144519 
144598 
144648 
144690 
145700 
145789 
145866 
146930 
146995 
147006 
147010 
147697 
147892 
148059 
148142 
148162 
148796 
149023 
149165 
149193 
149284 
149929 
150146 
150361 
151233 
151729 
152305 
152573 
152580 
156967 
156974 
156975 
157651 
159052 
159160 
159523 
159619 
159651 
162255 
162256 
162397 
163249 
163607 
163608 
163609 
163610 
163634 
163770 
163828 
163854 
164265 
164353 
164354 
164606 
164623 
164874 
164895 
165447 
165475 
165542 
166327 
166475 
166479 
166480 
166597 
166598 
166963 
167154 
167169 
167289 
167829 
167925 
168038 
168258 
168259 
172126 
173559 
173563 
173989 
174128 
174237 
174238 
174239 
174308 
174313 
174465 
175020 
175292 
175319 
175698 
175725 
175861 
175925 
175938 
175953 
175965 
175996 
176089 
176106 
176119 
176145 
176157 
176239 
176255 
176357 
177273 
177317 
177391 
177585 
177648 
177727 
177786 
177900 
178179 
178524 
178579 
178600 
179071 
179094 
179133 
179252 
179332 
179358 
179412 
179538 
179562 
179563 
179747 
179818 
180237 
180641 
180661 
180855 
180883 
180970 
181040 
181083 
181091 
181258 
181259 
181453 
181471 
181614 
181882 
181939 
182180 
182291 
182329 
182364 
182489 
182515 
182530 
182537 
182611 
182716 
182768 
182801 
183037 
183293 
183595 
184026 
184129 
184149 
184187 
184232 
184263 
184264 
184313 
184400 
184436 
184443 
184476 
184477 
185185 
185243 
185862 
185907 
186131 
186191 
186250 
186480 
186481 
187406 
187448 
187590 
187629 
187825 
187851 
187868 
187927 
188851 
188877 
189021 
189110 
189111 
189206 
189211 
189228 
189246 
189297 
189308 
189314 
189321 
189418 
189429 
189430 
189456 
189486 
189499 
189659 
189699 
189805 
189985 
190266 
190278 
190344 
190381 
190644 
190914 
190918 
190942 
191115 
191433 
191520 
191575 
191938 
192277 
192622 
192637 
192813 
192846 
192873 
192886 
192927 
193083 
193395 
193566 
193622 
193631 
193908 
193937 
194186 
194187 
194189 
194199 
194398 
194408 
194414 
194426 
194457 
194564 
194677 
195305 
195648 
195924 
195948 
196021 
196022 
196061 
196066 
196200 
196201 
196328 
196429 
196481 
196924 
197480 
197604 
197711 
197712 
197713 
197744 
197752 
197966 
197986 
197989 
198052 
198267 
198290 
198455 
198473 
198681 
198705 
198712 
198724 
199016 
199120 
199217 
199302 
199329 
199333 
199453 
199529 
199644 
199646 
199756 
200125 
200245 
200583 
200672 
200843 
201026 
201027 
201098 
201333 
201339 
201545 
201572 
201776 
201986 
201990 
202263 
202380 
202388 
202395 
202399 
202409 
202613 
202630 
202939 
202948 
202953 
202981 
202982 
203587 
204030 
204081 
204082 
204215 
204421 
204490 
204491 
204663 
205018 
205203 
205258 
205555 
205572 
205631 
205691 
205853 
205854 
205866 
205888 
205916 
206001 
206058 
206070 
206107 
206176 
206204 
206233 
206359 
207334 
207343 
207495 
207591 
207622 
207631 
207649 
207857 
207863 
207881 
208071 
208274 
208383 
208725 
208917 
209040 
209054 
209190 
209191 
209312 
209366 
209409 
209472 
209520 
209547 
209579 
209835 
209836 
493168 
493181 
493218 
493241 
493247 
493670 
493733 
493803 
494156 
498938 
501484 
501491 
501512 
514214 
515529 
516752 
516879 
519534 
519553 
519768 
520847 
521138 
521198 
522491 
522631 
523658 
523682 
523887 
523899 
524090 
524271 
524303 
524917 
527919 
528035 
528051 
528518 
528625 
528629 
528717 
528984 
529108 
529451 
529501 
529527 
529567 
529574 
529654 
529655 
529662 
529709 
529711 
529738 
529743 
529760 
529838 
529857 
529870 
529871 
529955 
529956 
529971 
529973 
529999 
530074 
530154 
530217 
530225 
530777 
530781 
530782 
530783 
530811 
530812 
530916 
530917 
530920 
530921 
531456 
531515 
531586 
531611 
531618 
531629 
531630 
531647 
531649 
531662 
531679 
531683 
531684 
531685 
531691 
531727 
531741 
531749 
531752 
531779 
531807 
531823 
532416 
532423 
533010 
533493 
541925 
542103 
542279 
542898 
542903 
545443 
545737 
549169 
551442 
553286 
555800 
582157 
582376 
582441 
582499 
582557 
582562 
582566 
582617 
583863 
586554 
587279 
587321 
587385 
587454 
587463 
591014 
591907 
592049 
592050 
592053 
594865 
595091 
596605 
596681 
596690 
596709 
596826 
596888 
596890 
599456 
600680 
601435 
601537 
601631 
604283 
606272 
606394 
606396 
606400 
606404 
606512 
606520 
606584 
606986 
610900 
611165 
611247 
611286 
611287 
611290 
612630 
615402 
615906 
615923 
615972 
616022 
616091 
616603 
618741 
619045 
620456 
620727 
620792 
620856 
620964 
621489 
622133 
622515 
624966 
625612 
625680 
625708 
625796 
626396 
626576 
628899 
628955 
630548 
630550 
631168 
634471 
634925 
635336 
635373 
635385 
635417 
635475 
635920 
638059 
639963 
639975 
640063 
640145 
640147 
640148 
642825 
642853 
644818 
644827 
644832 
644872 
644917 
644920 
645818 
645821 
646209 
649695 
649704 
649764 
649869 
649893 
651088 
652678 
654553 
654598 
654716 
654724 
655580 
659463 
659511 
659518 
659618 
663512 
664505 
669337 
669420 
669472 
669476 
674021 
674115 
674127 
678661 
678991 
679020 
679024 
679040 
679082 
679097 
679239 
682941 
683759 
683803 
683810 
683932 
687383 
687621 
687712 
687746 
688482 
688497 
688609 
688675 
691754 
691757 
693522 
694166 
698272 
698364 
698411 
701966 
701989 
703040 
703108 
703209 
703219 
703223 
706382 
708004 
708021 
708079 
708135 
709298 
710820 
710845 
712169 
712911 
712939 
712991 
712999 
713622 
714006 
716986 
717707 
717725 
717782 
717870 
719177 
720646 
722524 
722613 
722727 
722734 
722743 
725504 
725575 
727667 
727675 
728221 
728506 
730330 
731381 
731678 
732154 
732363 
732409 
732451 
733146 
735341 
736434 
737141 
737164 
737254 
737257 
737343 
738451 
739962 
741196 
741227 
741908 
742613 
742817 
744761 
746090 
746474 
746780 
746820 
746826 
746843 
746890 
746938 
746941 
746943 
746944 
749835 
750940 
751672 
751678 
751716 
751761 
751769 
752366 
754463 
754517 
754607 
755678 
755688 
756340 
756399 
756434 
756473 
756530 
756535 
759280 
759775 
761169 
761241 
761283 
761330 
764116 
766140 
766178 
766188 
766855 
769102 
770981 
770986 
770987 
771034 
771068 
771073 
771169 
773798 
774865 
775807 
775829 
775922 
777125 
778701 
778988 
780224 
780236 
780696 
780741 
780848 
780971 
783643 
783676 
783907 
785207 
785373 
785618 
785666 
785685 
785784 
790217 
790338 
790645 
790715 
790753 
790756 
793996 
794816 
794882 
795321 
795486 
795487 
795607 
795614 
795726 
798333 
799660 
799864 
804852 
805176 
805183 
805198 
805278 
805281 
805288 
805293 
807919 
807991 
809795 
809909 
810006 
810015 
810678 
813613 
814647 
814659 
814736 
814748 
814956 
817861 
818399 
819652 
819672 
819699 
819700 
819707 
819756 
822452 
822474 
824443 
827399 
827495 
827681 
828533 
828700 
829372 
830801 
834148 
834260 
834341 
834348 
834349 
834352 
834356 
834425 
838808 
838985 
839065 
839137 
839144 
839147 
839247 
842283 
843803 
843954 
843967 
844015 
844031 
848879 
852530 
852901 
853277 
853510 
853547 
853697 
854453 
854928 
857388 
858253 
858437 
858459 
858518 
858519 
858541 
858549 
858632 
858638 
858647 
858648 
858890 
862614 
863021 
863346 
863353 
863364 
863455 
863465 
863467 
863552 
863565 
866191 
867506 
868139 
868253 
869382 
872561 
872850 
872852 
872934 
872937 
873057 
877689 
877719 
877797 
877836 
877838 
877886 
877895 
877926 
878585 
880558 
880616 
882662 
882701 
882702 
882710 
882798 
885487 
886414 
886628 
887330 
887333 
887381 
887421 
888614 
891829 
891978 
892140 
892142 
892144 
892227 
894864 
896186 
896856 
896889 
896957 
897004 
897009 
900976 
901737 
901771 
902429 
902520 
903090 
904624 
906378 
906584 
906608 
906695 
906703 
909493 
909628 
909801 
911404 
911422 
911431 
911501 
911504 
911505 
911506 
911512 
912007 
912211 
912674 
914496 
915813 
915880 
916086 
916092 
916188 
916229 
916320 
920164 
920222 
921020 
921787 
924663 
925109 
925847 
925905 
925937 
926561 
927155 
929496 
930329 
930648 
930667 
930668 
930706 
930707 
930711 
930716 
930721 
933421 
935283 
935382 
935409 
935485 
935500 
935522 
935525 
938210 
940016 
940223 
940402 
940404 
940407 
940408 
940410 
940414 
940418 
943146 
943147 
945203 
945889 
946643 
949391 
949880 
950140 
950161 
950210 
950249 
950402 
953990 
955077 
957902 
958525 
959757 
959935 
959936 
960022 
960514 
960559 
962778 
964592 
964709 
964715 
967427 
968806 
969254 
969446 
969479 
969674 
974189 
974481 
974533 
974534 
974535 
977626 
978584 
978915 
979220 
982502 
983717 
984004 
984005 
984044 
984107 
984197 
984273 
985636 
986823 
988793 
988857 
989590 
993499 
993807 
993883 
993892 
996579 
998688 
998692 
998737 
999349 
1001848 
1002806 
1003677 
1008155 
1008421 
1008483 
1008558 
1013169 
1013182 
1013287 
1013295 
1014138 
1016018 
1016322 
1017485 
1017653 
1018008 
1018016 
1018114 
1018188 
1018223 
1020845 
1020852 
1022067 
1022251 
1022854 
1022899 
1022904 
1022911 
1025683 
1026924 
1027023 
1027598 
1027678 
1027742 
1027744 
1032510 
1032536 
1032540 
1032563 
1032564 
1032567 
1032615 
1033910 
1035442 
1037355 
1037376 
1037392 
1041499 
1042295 
1046155 
1047035 
1047125 
1047154 
1047201 
1049811 
1051182 
1051483 
1051545 
1051800 
1051827 
1051860 
1051944 
1052042 
1052848 
1056388 
1056666 
1056795 
1056797 
1056798 
1056799 
1056807 
1056872 
1059569 
1061555 
1061577 
1061635 
1061671 
1061677 
1061678 
1061737 
1064596 
1065314 
1065867 
1066257 
1066258 
1066327 
1066368 
1066520 
1066988 
1069106 
1069285 
1070134 
1070350 
1070775 
1071086 
1071159 
1071977 
1073870 
1073986 
1074340 
1075615 
1075895 
1075923 
1075959 
1076003 
1076016 
1076060 
1076573 
1079914 
1080641 
1080722 
1080724 
1080728 
1080729 
1080734 
1080768 
1083486 
1083601 
1083602 
1084545 
1085376 
1085412 
1085484 
1085495 
1085552 
1085617 
1089736 
1093223 
1093226 
1094420 
1095121 
1095129 
1095135 
1095358 
1095818 
1099198 
1099813 
1099825 
1099836 
1099897 
1099918 
1100011 
1100024 
1100033 
1103803 
1104000 
1104864 
1104906 
1104913 
1105018 
1106155 
1107636 
1107746 
1109655 
1109748 
1109754 
1110379 
1112435 
1112741 
1112823 
1113055 
1113391 
1114049 
1114176 
1115648 
1115803 
1115841 
1116197 
1116430 
1116625 
1116840 
1117101 
1117134 
1117191 
1117715 
1117813 
1117884 
1117934 
1119012 
1119591 
1120447 
1121019 
1121020 
1121292 
1121643 
1122014 
1122125 
1122488 
1122552 
1122776 
1122785 
1123096 
1123751 
1123774 
1124964 
1125698 
1126354 
1126654 
1127297 
1127642 
1128059 
1128094 
1128394 
1129001 
1129140 
1129260 
1129315 
1129333 
1129806 
1129960 
1130561 
1130637 
1131630 
1131944 
1133623 
1133811 
1134075 
1135360 
1135447 
1136721 
1137043 
1137064 
1137268 
1137682 
1138352 
1554385 
1554431 
1554565 
1554625 
1555741 
1579120 
1579470 
1604270 
1604330 
1604338 
1604536 
1605239 
1628810 
1628956 
1629282 
1629337 
1653640 
1653909 
1677920 
1678288 
1678780 
1702148 
1702389 
1726886 
1726893 
1727804 
1728049 
1751898 
1752281 
1801118 
1801120 
1801313 
1801314 
1801318 
1801440 
1801617 
1801893 
1802425 
1825845 
1826021 
1826795 
1850344 
1851185 
1875127 
1875208 
1875347 
1875960 
1899876 
1900140 
1924300 
1924310 
1924332 
1924663 
1949269 
1949477 
1950269 
1973785 
1973937 
1974439 
1974692 
1998326 
1998535 
1998547 
1998803 
2022717 
2023117 
2023195 
2023918 
2023951 
2047205 
2047906 
2072600 
2072905 
2097400 
2121117 
2121693 
2121747 
2122000 
2122069 
2145820 
2146601 
2146985 
2170683 
2171026 
2171073 
2171353 
2171452 
2220167 
2220419 
2220750 
2220757 
2244493 
2244579 
2244585 
2244806 
2245100 
2245365 
2269432 
2269845 
2270206 
2270528 
2270536 
2270603 
2294082 
2294128 
2294322 
2294355 
2318333 
2318350 
2318475 
2318572 
2319022 
2319434 
2319664 
2342751 
2342896 
2342904 
2343327 
2343998 
2367478 
2367625 
2368206 
2392744 
2416219 
2416648 
2440639 
2440962 
2441258 
2441917 
2441995 
2465195 
2465308 
2465375 
2465436 
2465658 
2465739 
2465782 
2489785 
2490246 
2490404 
2490696 
2490702 
2514704 
2514941 
2539786 
2563939 
2564044 
2588754 
2588813 
2589552 
2589906 
2613079 
2613196 
2613202 
2613904 
2613973 
2614296 
2637432 
2637650 
2637711 
2637971 
2638071 
2638247 
2638402 
2638441 
2662123 
2662223 
2662565 
2687225 
2687521 
2711307 
2712065 
2735732 
2735893 
2736013 
2736143 
2760521 
2761161 
2785023 
2785174 
2785854 
2809525 
2834280 
2834343 
2834388 
2859085 
2859113 
2859844 
2860023 
2883928 
2884185 
2884620 
2884850 
2907903 
2907914 
2908114 
2908130 
2908493 
2908899 
2908955 
2909203 
2932522 
2932680 
2932731 
2933439 
2956946 
2957159 
2958139 
2981412 
2981590 
2981710 
2982155 
2982566 
3006082 
3006217 
3031084 
3031166 
3031216 
3031354 
3031478 
3055221 
3055995 
3079970 
3079981 
3080515 
3080692 
3080693 
3080723 
3080987 
3081126 
3104330 
3104490 
3104595 
3104854 
3105246 
3105488 
3129018 
3129221 
3129235 
3129259 
3129386 
3129391 
3129434 
3129692 
3129769 
3130142 
3130179 
3153508 
3153582 
3153809 
3153836 
3154433 
3154455 
3154521 
3154918 
3178482 
3178550 
3179084 
3179137 
3202773 
3202868 
3202983 
3203059 
3203479 
3227551 
3227647 
3228769 
3252122 
3253419 
3276476 
3276681 
3276740 
3277236 
3277518 
3301135 
3301166 
3301604 
3301655 
3301947 
3350043 
3350240 
3350367 
3350664 
3374729 
3375116 
3375456 
3375844 
3399057 
3399152 
3399249 
3399900 
3400282 
3423760 
3448166 
3448631 
3448693 
3448874 
3449157 
3449353 
3472682 
3472905 
3472913 
3473267 
3473309 
3473548 
3497449 
3498395 
3521881 
3521941 
3522068 
3522321 
3546705 
3546708 
3546819 
3546822 
3547740 
3547974 
3571223 
3571527 
3571741 
3572134 
3572497 
3595925 
3596020 
3596261 
3596287 
3596938 
3597034 
3621125 
3621700 
3645331 
3645333 
3645413 
3645897 
3670652 
3694316 
3694526 
3695263 
3718886 
3719319 
3719418 
3719706 
3743127 
3743409 
3743478 
3743971 
3744050 
3744064 
3768507 
3769157 
3792506 
3792873 
3816959 
3817598 
3841469 
3841725 
3842426 
3842793 
3842824 
3866169 
3866725 
3867366 
3890541 
3890759 
3890947 
3891123 
3891200 
3891494 
3916168 
3939889 
3964331 
3964569 
3964604 
3964704 
3965089 
3965159 
3988737 
3988851 
3988904 
3988966 
3989581 
3989642 
4013520 
4013889 
4037885 
4038144 
4038511 
4087381 
4087939 
4088054 
4111766 
4136013 
4136019 
4136059 
4136204 
4160622 
4160871 
4185421 
4185484 
4186254 
4186281 
4186398 
4210273 
4211328 
4211445 
4234966 
4235452 
4235604 
4362922 
4363125 
4363138 
4363139 
4363260 
4363437 
4363460 
4363678 
4363689 
4364268 
4366526 
4447259 
4449951 
4451804 
4451940 
4451944 
4452669 
4467027 
4481061 
4509137 
4513709 
4518503 
4547009 
4551560 
4617532 
4617771 
4645997 
4646116 
4650733 
4693161 
4726742 
4731278 
4745386 
4750031 
4773667 
4787895 
4806663 
4825510 
4844349 
4858406 
4863094 
4863158 
4886515 
4905322 
4905476 
4914861 
4919634 
4928977 
4966604 
4976151 
4994591 
5013468 
5032249 
5037095 
5074574 
5098307 
5103045 
5103083 
5135806 
5140527 
5159350 
5182391 
5187269 
5201208 
5206119 
5206171 
5210686 
5224691 
5238845 
5252938 
5262369 
5271626 
5314427 
5323461 
5332930 
5337418 
5337541 
5342314 
5375276 
5379984 
5389214 
5394100 
5412914 
5422119 
5464924 
5488525 
5488526 
5488529 
5488530 
5488531 
5488597 
5488598 
5489088 
5489089 
5489120 
5489174 
5489725 
5490868 
5490913 
5491097 
5491100 
5492006 
5493051 
5493950 
5494048 
5494049 
5494662 
5494707 
5494846 
5495429 
5495640 
5495786 
5571774 
5572028 
5572029 
5576547 
5576672 
5581164 
5581241 
5590377 
5594906 
5599668 
5604392 
5604434 
5604475 
5609073 
5609292 
5609298 
5609426 
5613810 
5613871 
5613970 
5614033 
5618427 
5618567 
5627909 
5632494 
5632528 
5637126 
5637163 
5637296 
5637480 
5641780 
5641784 
5641868 
5641893 
5641987 
5641996 
5642096 
5646613 
5651313 
5655809 
5660280 
5660397 
5660398 
5669859 
5674382 
5674620 
5674657 
5679126 
5683749 
5693121 
5697858 
5697879 
5702612 
5707216 
5711689 
5711713 
5720876 
5720937 
5721095 
5730412 
5735061 
5739703 
5739706 
5739887 
5739908 
5739916 
5739969 
5744311 
5748911 
5748995 
5749015 
5753382 
5753415 
5753586 
5757944 
5762531 
5762532 
5762537 
5762761 
5762887 
5771638 
5771892 
5776449 
5776534 
5781023 
5785623 
5785889 
5790153 
5790200 
5794814 
5794893 
5794921 
5795029 
5795120 
5799263 
5799264 
5799643 
5804082 
5804214 
5804339 
5808756 
5809051 
5813456 
5818036 
5822664 
5827229 
5827318 
5827376 
5827490 
5836691 
5841286 
5845726 
5845935 
5845949 
5845963 
5850606 
5850748 
5855057 
5855163 
5855244 
5855258 
5855284 
5855468 
5860028 
5864437 
5864510 
5864527 
5864688 
5868995 
5869155 
5869257 
5873629 
5873787 
5878423 
5878468 
5887623 
5892253 
5892259 
5896935 
5896962 
5897205 
5901814 
5901851 
5901860 
5906052 
5906216 
5906311 
5915274 
5915299 
5915478 
5919742 
5933994 
5938705 
5943281 
5943318 
5943574 
5947895 
5947898 
5947929 
5952603 
5952723 
5952754 
5957695 
5961873 
5966644 
5966810 
5966824 
5971618 
5976147 
5976232 
5976296 
5980813 
5980962 
5981081 
5985454 
5985674 
5990183 
5990360 
5990520 
5994919 
5995174 
5995182 
5999572 
6004107 
6004108 
6008740 
6008778 
6018238 
6018289 
6022680 
6022756 
6027289 
6031841 
6031970 
6032130 
6036582 
6036689 
6041326 
6041444 
6045975 
6046207 
6055289 
6064688 
6064708 
6069558 
6078610 
6078838 
