3230773 
4776496 
3057892 
5312349 
2691524 
4974245 
4089370 
4700862 
2026739 
2395302 
5049314 
2099857 
3306577 
1161521 
4240336 
3331355 
3305196 
1152538 
1979599 
3499424 
2446368 
1830959 
3328904 
3500330 
2617524 
1195470 
3328345 
1805179 
1146616 
3625009 
3205985 
3821573 
3278614 
1557702 
4164241 
1190275 
1607912 
1558088 
2101206 
2223961 
2763909 
1904944 
2250026 
1155643 
2370711 
3231080 
1213656 
1159322 
4017307 
2737766 
1905467 
2788179 
3844851 
3378979 
2985763 
2762894 
2442642 
2665374 
2853846 
960551 
5060533 
799856 
881976 
998142 
809545 
872172 
915716 
5019803 
4851755 
5321726 
5462995 
4625217 
4974244 
4766955 
4540366 
4330246 
4493248 
4455536 
5236991 
4330243 
4861262 
4719873 
4330244 
4983498 
4330245 
5133860 
5293342 
843414 
954268 
785349 
615548 
3106396 
1879185 
3893809 
3967323 
1192160 
2910976 
3820525 
3158375 
2004082 
2468525 
1707875 
1856342 
4190531 
2565758 
1173249 
2863137 
2273730 
2764285 
3131778 
3474820 
2049223 
2246590 
1976828 
2985472 
2691103 
2887740 
1167759 
3626141 
3895638 
1210018 
1926296 
3107762 
3230307 
1185378 
3181693 
2028277 
3968101 
2815052 
2519254 
1707474 
3400721 
3626013 
1731506 
3058732 
2516013 
2691330 
3993959 
3303814 
3181287 
1606711 
1146290 
3280409 
2053043 
2667012 
3552089 
3330195 
3968995 
2274667 
1142849 
2420830 
2591851 
3868392 
3527916 
2518990 
1200844 
2541194 
1159898 
3354823 
2616080 
3748597 
4016099 
1952783 
4191326 
2790314 
3549374 
1778410 
2000378 
2372210 
4064489 
1780447 
3378977 
2025737 
3059919 
1952041 
3378261 
4162373 
1779487 
3624042 
4237422 
3894140 
2298960 
3451433 
1880102 
2911089 
2001910 
2888549 
4214475 
3328147 
1168997 
2370852 
4188770 
4239110 
2225589 
2716196 
3106931 
2937091 
4238156 
2320435 
2346753 
2714227 
3107606 
1143864 
2298892 
2025632 
2442872 
3598072 
4041546 
1706372 
1216451 
1879908 
2737897 
3773545 
4238824 
2223745 
2420344 
3945113 
3576857 
1830774 
1679608 
2591765 
4040637 
2471084 
4042534 
2738497 
1852251 
2862857 
2344490 
2172864 
1156860 
1976094 
1606864 
3329985 
1829401 
1658308 
3943262 
1208611 
1143286 
3871454 
4190962 
3011976 
1680111 
2321612 
3229451 
3844013 
3821030 
3011822 
2839159 
3552106 
2689795 
2518350 
1153382 
3698100 
1926846 
3649538 
1196777 
2714137 
1214289 
1209468 
2909873 
2762091 
1679980 
1183794 
2297506 
1166649 
2716418 
3626225 
2737536 
2321408 
3821091 
1201080 
4139630 
2049331 
3822736 
2985819 
1852935 
1978399 
2937332 
1952834 
1176237 
2002587 
1187380 
3871157 
3306599 
1831336 
2249774 
3769794 
3600722 
3550038 
3598511 
4213972 
4139048 
3698949 
3918382 
2861136 
1703670 
2418649 
2370289 
1905624 
1679956 
2913612 
1828932 
3107551 
3380417 
3229388 
2984981 
1580934 
2519409 
2691629 
1581162 
3647793 
3400570 
1804266 
3773482 
4017048 
2222679 
1189717 
3576216 
2862323 
1903549 
2886513 
3352124 
3451951 
3475644 
3797810 
3551218 
2248653 
2885114 
2813039 
1152349 
4162830 
2787243 
2788639 
3204720 
2688622 
4114556 
3056833 
2272775 
1633602 
2888185 
3795085 
1220715 
4164220 
1221867 
1655105 
2958784 
2692825 
3599743 
2960301 
1213895 
2714728 
1181716 
3894480 
2717186 
1203438 
1680443 
1655755 
1219299 
2295497 
2813027 
3527259 
2371449 
4090173 
3033830 
4240396 
3550510 
1855232 
3033831 
1147030 
3599096 
1903105 
2692566 
2591575 
2443662 
1585009 
4040495 
3721455 
2935159 
2321023 
4236940 
1208746 
2422220 
2346025 
2764600 
2935831 
4162465 
2076774 
2614909 
4018663 
1584643 
3182154 
1902396 
3502997 
3060126 
2127144 
2321485 
4214300 
1146449 
4015225 
3525954 
2593247 
