 2 14005 
 3 3295 
 4 1948 
 5 927 
 6 641 
 7 616 
 8 496 
 9 485 
 10 428 
 11 487 
 12 578 
 13 585 
 14 629 
 15 629 
 16 623 
 17 619 
 18 563 
 19 592 
 20 580 
 21 582 
 22 558 
 23 532 
 24 506 
 25 495 
 26 445 
 27 449 
 28 405 
 29 411 
 30 362 
 31 357 
 32 288 
 33 318 
 34 287 
 35 235 
 36 263 
 37 208 
 38 210 
 39 211 
 40 189 
 41 161 
 42 165 
 43 141 
 44 119 
 45 114 
 46 129 
 47 101 
 48 106 
 49 91 
 50 99 
 51 71 
 52 75 
 53 82 
 54 73 
 55 60 
 56 45 
 57 61 
 58 52 
 59 54 
 60 44 
 61 41 
 62 40 
 63 39 
 64 29 
 65 31 
 66 36 
 67 32 
 68 22 
 69 24 
 70 23 
 71 23 
 72 18 
 73 14 
 74 15 
 75 24 
 76 12 
 77 18 
 78 16 
 79 8 
 80 17 
 81 16 
 82 17 
 83 15 
 84 13 
 85 11 
 86 9 
 87 10 
 88 7 
 89 12 
 90 8 
 91 7 
 92 6 
 93 7 
 94 7 
 95 7 
 96 3 
 97 3 
 98 5 
 99 4 
 100 8 
 101 7 
 102 4 
 103 2 
 104 6 
 105 4 
 106 3 
 107 5 
 108 2 
 109 1 
 110 3 
 111 3 
 112 3 
 113 3 
 114 1 
 115 5 
 116 5 
 117 5 
 118 9 
 119 4 
 120 2 
 121 3 
 122 2 
 123 3 
 125 1 
 126 2 
 129 5 
 130 1 
 131 3 
 135 5 
 136 1 
 137 1 
 138 1 
 139 1 
 140 1 
 141 2 
 142 1 
 143 3 
 146 3 
 147 3 
 150 1 
 152 1 
 153 2 
 155 1 
 156 1 
 158 1 
 159 1 
 162 1 
 167 1 
 169 2 
 172 1 
 173 1 
 174 2 
 186 1 
 193 2 
 206 1 
 207 1 
 212 1 
 214 1 
 218 1 
 222 1 
 223 1 
 235 2 
 243 1 
 244 1 
 247 1 
 263 1 
 266 1 
 277 1 
 330 1 
 368 1 
 382 1 
 401 1 
