615548 
785349 
799856 
809545 
843414 
872172 
881976 
915716 
954268 
960551 
998142 
1142849 
1143286 
1143864 
1146290 
1146449 
1146616 
1147030 
1152349 
1152538 
1153382 
1155643 
1156860 
1159322 
1159898 
1161521 
1166649 
1167759 
1168997 
1173249 
1176237 
1181716 
1183794 
1185378 
1187380 
1189717 
1190275 
1192160 
1195470 
1196777 
1200844 
1201080 
1203438 
1208611 
1208746 
1209468 
1210018 
1213656 
1213895 
1214289 
1216451 
1219299 
1220715 
1221867 
1557702 
1558088 
1580934 
1581162 
1584643 
1585009 
1606711 
1606864 
1607912 
1633602 
1655105 
1655755 
1658308 
1679608 
1679956 
1679980 
1680111 
1680443 
1703670 
1706372 
1707474 
1707875 
1731506 
1778410 
1779487 
1780447 
1804266 
1805179 
1828932 
1829401 
1830774 
1830959 
1831336 
1852251 
1852935 
1855232 
1856342 
1879185 
1879908 
1880102 
1902396 
1903105 
1903549 
1904944 
1905467 
1905624 
1926296 
1926846 
1952041 
1952783 
1952834 
1976094 
1976828 
1978399 
1979599 
2000378 
2001910 
2002587 
2004082 
2025632 
2025737 
2026739 
2028277 
2049223 
2049331 
2053043 
2076774 
2099857 
2101206 
2127144 
2172864 
2222679 
2223745 
2223961 
2225589 
2246590 
2248653 
2249774 
2250026 
2272775 
2273730 
2274667 
2295497 
2297506 
2298892 
2298960 
2320435 
2321023 
2321408 
2321485 
2321612 
2344490 
2346025 
2346753 
2370289 
2370711 
2370852 
2371449 
2372210 
2395302 
2418649 
2420344 
2420830 
2422220 
2442642 
2442872 
2443662 
2446368 
2468525 
2471084 
2516013 
2518350 
2518990 
2519254 
2519409 
2541194 
2565758 
2591575 
2591765 
2591851 
2593247 
2614909 
2616080 
2617524 
2665374 
2667012 
2688622 
2689795 
2691103 
2691330 
2691524 
2691629 
2692566 
2692825 
2714137 
2714227 
2714728 
2716196 
2716418 
2717186 
2737536 
2737766 
2737897 
2738497 
2762091 
2762894 
2763909 
2764285 
2764600 
2787243 
2788179 
2788639 
2790314 
2813027 
2813039 
2815052 
2839159 
2853846 
2861136 
2862323 
2862857 
2863137 
2885114 
2886513 
2887740 
2888185 
2888549 
2909873 
2910976 
2911089 
2913612 
2935159 
2935831 
2937091 
2937332 
2958784 
2960301 
2984981 
2985472 
2985763 
2985819 
3011822 
3011976 
3033830 
3033831 
3056833 
3057892 
3058732 
3059919 
3060126 
3106396 
3106931 
3107551 
3107606 
3107762 
3131778 
3158375 
3181287 
3181693 
3182154 
3204720 
3205985 
3229388 
3229451 
3230307 
3230773 
3231080 
3278614 
3280409 
3303814 
3305196 
3306577 
3306599 
3328147 
3328345 
3328904 
3329985 
3330195 
3331355 
3352124 
3354823 
3378261 
3378977 
3378979 
3380417 
3400570 
3400721 
3451433 
3451951 
3474820 
3475644 
3499424 
3500330 
3502997 
3525954 
3527259 
3527916 
3549374 
3550038 
3550510 
3551218 
3552089 
3552106 
3576216 
3576857 
3598072 
3598511 
3599096 
3599743 
3600722 
3624042 
3625009 
3626013 
3626141 
3626225 
3647793 
3649538 
3698100 
3698949 
3721455 
3748597 
3769794 
3773482 
3773545 
3795085 
3797810 
3820525 
3821030 
3821091 
3821573 
3822736 
3844013 
3844851 
3868392 
3871157 
3871454 
3893809 
3894140 
3894480 
3895638 
3918382 
3943262 
3945113 
3967323 
3968101 
3968995 
3993959 
4015225 
4016099 
4017048 
4017307 
4018663 
4040495 
4040637 
4041546 
4042534 
4064489 
4089370 
4090173 
4114556 
4139048 
4139630 
4162373 
4162465 
4162830 
4164220 
4164241 
4188770 
4190531 
4190962 
4191326 
4213972 
4214300 
4214475 
4236940 
4237422 
4238156 
4238824 
4239110 
4240336 
4240396 
4330243 
4330244 
4330245 
4330246 
4455536 
4493248 
4540366 
4625217 
4700862 
4719873 
4766955 
4776496 
4851755 
4861262 
4974244 
4974245 
4983498 
5019803 
5049314 
5060533 
5133860 
5236991 
5293342 
5312349 
5321726 
5462995 
