5994932 
14306 
5490992 
5781129 
5490990 
5873752 
711130 
6064711 
5947988 
5869061 
5490980 
5933891 
5952704 
5702419 
5906193 
5804235 
5896957 
5490983 
5655705 
5595032 
5735145 
5739804 
5906194 
5490981 
5571912 
5850490 
5697785 
5490985 
5966764 
5753520 
6013490 
5490988 
5762644 
5490986 
969406 
5818143 
5813531 
5730387 
5490991 
6050750 
4062423 
5887688 
2293804 
9084 
798279 
5037196 
5665317 
5730576 
5494441 
969438 
5947987 
6060074 
5618451 
5924573 
1083457 
6036696 
5744445 
6022696 
5490979 
5490987 
5627860 
6022695 
5753521 
5990262 
5883065 
5716449 
5688408 
5966763 
590436 
5490989 
5794865 
5790290 
5915403 
5490984 
5767318 
5758036 
5490982 
2342727 
5859900 
5929302 
5646424 
5933892 
5604502 
5855207 
5892364 
5637276 
5683856 
5832049 
6078579 
