9084 
14306 
590436 
711130 
798279 
969406 
969438 
1083457 
2293804 
2342727 
4062423 
5037196 
5490979 
5490980 
5490981 
5490982 
5490983 
5490984 
5490985 
5490986 
5490987 
5490988 
5490989 
5490990 
5490991 
5490992 
5494441 
5571912 
5595032 
5604502 
5618451 
5627860 
5637276 
5646424 
5655705 
5665317 
5683856 
5688408 
5697785 
5702419 
5716449 
5730387 
5730576 
5735145 
5739804 
5744445 
5753520 
5753521 
5758036 
5762644 
5767318 
5781129 
5790290 
5794865 
5804235 
5813531 
5818143 
5832049 
5850490 
5855207 
5859900 
5869061 
5873752 
5883065 
5887688 
5892364 
5896957 
5906193 
5906194 
5915403 
5924573 
5929302 
5933891 
5933892 
5947987 
5947988 
5952704 
5966763 
5966764 
5990262 
5994932 
6013490 
6022695 
6022696 
6036696 
6050750 
6060074 
6064711 
6078579 
