 2 16153 
 3 14325 
 4 9336 
 5 2580 
 6 1928 
 7 1069 
 8 1229 
 9 956 
 10 586 
 11 536 
 12 519 
 13 460 
 14 372 
 15 361 
 16 293 
 17 271 
 18 224 
 19 201 
 20 214 
 21 178 
 22 175 
 23 162 
 24 143 
 25 125 
 26 119 
 27 123 
 28 113 
 29 101 
 30 102 
 31 123 
 32 113 
 33 141 
 34 156 
 35 167 
 36 167 
 37 183 
 38 187 
 39 205 
 40 195 
 41 176 
 42 198 
 43 218 
 44 211 
 45 201 
 46 178 
 47 206 
 48 203 
 49 195 
 50 214 
 51 207 
 52 195 
 53 215 
 54 204 
 55 188 
 56 180 
 57 180 
 58 179 
 59 182 
 60 171 
 61 168 
 62 142 
 63 160 
 64 154 
 65 156 
 66 152 
 67 171 
 68 137 
 69 155 
 70 143 
 71 148 
 72 122 
 73 133 
 74 130 
 75 124 
 76 120 
 77 124 
 78 102 
 79 97 
 80 113 
 81 121 
 82 101 
 83 94 
 84 98 
 85 93 
 86 94 
 87 92 
 88 74 
 89 85 
 90 76 
 91 76 
 92 88 
 93 63 
 94 66 
 95 72 
 96 50 
 97 76 
 98 62 
 99 48 
 100 69 
 101 55 
 102 57 
 103 55 
 104 62 
 105 54 
 106 57 
 107 39 
 108 45 
 109 37 
 110 47 
 111 36 
 112 29 
 113 38 
 114 35 
 115 42 
 116 33 
 117 30 
 118 36 
 119 33 
 120 38 
 121 36 
 122 43 
 123 30 
 124 30 
 125 25 
 126 38 
 127 28 
 128 28 
 129 23 
 130 32 
 131 15 
 132 23 
 133 21 
 134 24 
 135 17 
 136 14 
 137 17 
 138 23 
 139 27 
 140 23 
 141 15 
 142 21 
 143 11 
 144 21 
 145 19 
 146 14 
 147 13 
 148 18 
 149 14 
 150 10 
 151 14 
 152 9 
 153 11 
 154 13 
 155 10 
 156 13 
 157 13 
 158 10 
 159 17 
 160 13 
 161 14 
 162 4 
 163 13 
 164 13 
 165 17 
 166 18 
 167 9 
 168 9 
 169 9 
 170 8 
 171 8 
 172 15 
 173 8 
 174 10 
 175 10 
 176 12 
 177 12 
 178 6 
 179 7 
 180 6 
 181 13 
 182 6 
 183 9 
 184 5 
 185 4 
 186 8 
 187 11 
 188 8 
 189 7 
 190 3 
 191 7 
 192 7 
 193 7 
 194 6 
 195 4 
 196 7 
 197 10 
 198 11 
 199 3 
 200 3 
 201 6 
 202 11 
 203 7 
 204 9 
 205 5 
 206 4 
 207 6 
 208 6 
 209 6 
 210 4 
 211 5 
 212 4 
 213 4 
 214 5 
 215 2 
 216 5 
 217 5 
 219 3 
 220 7 
 221 3 
 222 3 
 223 4 
 224 4 
 225 4 
 226 3 
 227 4 
 228 2 
 229 3 
 230 1 
 231 4 
 232 6 
 233 2 
 234 5 
 235 1 
 236 2 
 237 2 
 238 3 
 239 2 
 240 2 
 241 3 
 242 5 
 243 4 
 244 2 
 245 4 
 246 2 
 247 3 
 248 6 
 249 4 
 250 1 
 251 2 
 253 1 
 254 2 
 255 2 
 256 5 
 258 1 
 259 2 
 260 3 
 261 5 
 262 3 
 263 2 
 264 2 
 265 1 
 266 2 
 267 6 
 268 1 
 270 2 
 271 2 
 272 3 
 273 2 
 274 3 
 276 3 
 277 1 
 278 4 
 281 2 
 282 1 
 283 1 
 284 3 
 285 3 
 286 1 
 287 1 
 288 3 
 289 4 
 291 1 
 292 5 
 293 1 
 294 1 
 295 1 
 296 2 
 297 2 
 298 6 
 299 2 
 300 1 
 302 1 
 303 1 
 304 2 
 305 1 
 306 2 
 307 2 
 308 2 
 309 1 
 314 1 
 315 1 
 316 2 
 317 1 
 318 1 
 319 1 
 320 1 
 323 3 
 324 3 
 325 4 
 326 3 
 327 1 
 328 1 
 329 2 
 330 2 
 334 1 
 335 1 
 336 2 
 337 1 
 338 3 
 339 3 
 340 1 
 342 1 
 345 3 
 346 2 
 347 1 
 349 1 
 350 2 
 351 1 
 353 1 
 354 3 
 356 1 
 358 1 
 359 1 
 361 2 
 362 1 
 363 1 
 366 1 
 367 1 
 370 2 
 371 1 
 372 1 
 373 2 
 376 1 
 386 1 
 387 1 
 389 1 
 391 1 
 396 2 
 397 3 
 398 1 
 403 1 
 412 3 
 413 1 
 414 1 
 415 2 
 418 1 
 419 1 
 421 2 
 422 2 
 423 2 
 424 1 
 425 1 
 432 1 
 433 2 
 438 1 
 441 1 
 444 1 
 453 2 
 455 1 
 456 1 
 458 1 
 460 1 
 461 1 
 471 2 
 477 1 
 482 1 
 486 1 
 487 1 
 492 1 
 495 1 
 499 1 
 501 1 
 503 1 
 504 1 
 509 1 
 510 1 
 512 1 
 514 1 
 520 1 
 523 1 
 528 1 
 532 2 
 536 1 
 538 1 
 539 1 
 543 1 
 556 1 
 559 1 
 562 1 
 580 1 
 590 1 
 602 1 
 604 1 
 608 1 
 615 1 
 624 1 
 631 1 
 657 1 
 660 1 
 671 1 
 673 1 
 695 1 
 710 1 
 727 1 
 745 1 
 769 1 
 773 1 
 793 1 
 817 1 
 891 1 
 957 1 
 976 1 
 1006 1 
 1024 1 
 1036 1 
 1694 1 
 1749 1 
 278750 1 
