28336 
5074574 
933421 
211375 
528984 
198712 
621489 
197744 
132031 
3031166 
746474 
4362922 
1128094 
35830 
3153508 
102533 
202982 
717870 
83686 
1117715 
1801318 
2711307 
217312 
964823 
215492 
193487 
1100738 
170558 
5107731 
516386 
3154541 
3768713 
517677 
3055704 
998351 
1070645 
3105175 
141249 
2440871 
4087087 
177225 
657593 
1018008 
201027 
187629 
207649 
201026 
32384 
1554431 
79220 
184187 
21567 
5494846 
795321 
5642096 
5394100 
906378 
192886 
891978 
88187 
2809525 
25583 
783643 
5845963 
5860028 
5739916 
184264 
184263 
58122 
207881 
639975 
217715 
127998 
1554385 
6097 
5896935 
807919 
216099 
194457 
115665 
197752 
741908 
78133 
2637432 
30099 
5827490 
493241 
182611 
179358 
529501 
19848 
494156 
5901851 
6069558 
5762887 
5609426 
3276476 
82602 
219165 
199329 
202630 
175953 
703040 
81515 
3252122 
29347 
493670 
5980962 
5576672 
206058 
528629 
176106 
25640 
2932522 
57058 
1025683 
5855258 
192813 
216042 
834148 
86061 
2342751 
22626 
710845 
5855163 
189499 
209547 
1085376 
209409 
5843 
1020845 
5609298 
1998326 
166479 
5762761 
5572029 
106956 
219307 
166480 
635417 
121077 
1875347 
1949269 
596605 
99428 
1875127 
18957 
943146 
5799263 
5873629 
5488525 
5906052 
4447259 
186250 
181259 
206233 
631168 
90041 
2637971 
4363139 
1128059 
741227 
863021 
178579 
190266 
912007 
108767 
746090 
52248 
3031084 
2712065 
1949477 
634925 
5013468 
2613904 
814647 
194564 
38164 
2613079 
1386 
5799264 
5488526 
5412914 
827399 
202981 
181258 
531611 
23155 
827495 
1099836 
202388 
892227 
116588 
2981590 
4210273 
2637711 
210684 
935604 
86890 
3497387 
205054 
815568 
121396 
712198 
1130052 
4825559 
1032220 
1702851 
817680 
853849 
215459 
55689 
3669796 
42291 
182489 
746890 
21939 
817861 
759775 
542103 
214624 
778988 
201572 
628899 
709298 
118460 
3080987 
35286 
3769157 
142880 
1070134 
2343998 
156974 
3842793 
156975 
2909203 
3842824 
2319664 
178179 
121912 
1128394 
80596 
755678 
68412 
3031216 
43355 
4087939 
159523 
2245100 
32675 
785373 
102766 
524271 
794882 
3448693 
47740 
1122776 
148796 
1129260 
3965159 
3129769 
3964704 
3375456 
4928977 
852901 
1017485 
522631 
780236 
799660 
181939 
213605 
620964 
60241 
2220419 
164354 
1801440 
33472 
3350367 
112255 
1604270 
79157 
3988851 
55789 
3129386 
164353 
1554625 
3399152 
3522321 
2981710 
2932731 
3988966 
4136204 
210727 
199120 
189021 
179071 
1073986 
182364 
193622 
198705 
183595 
196328 
737343 
202395 
54703 
3988904 
1066988 
118574 
5201208 
2613973 
1051483 
828700 
2270206 
3154455 
3080693 
1122014 
2785854 
940223 
105952 
2244493 
28914 
5878423 
5804214 
759280 
192873 
683759 
14469 
4914861 
1924310 
113460 
58130 
5609292 
5869155 
501491 
176357 
691757 
943147 
5572028 
5618567 
4136019 
9722 
880616 
654553 
119011 
196066 
5627909 
616091 
144598 
2244579 
36805 
3153836 
839247 
82447 
3153809 
132261 
1579470 
51311 
2514704 
57953 
147892 
177273 
205631 
930716 
207631 
1013295 
9155 
795486 
16425 
858519 
23595 
761330 
3122 
712999 
22677 
693522 
10568 
834349 
13666 
1076003 
27150 
688482 
15969 
998737 
24295 
839137 
27192 
722727 
10330 
1099918 
2424 
1085484 
27275 
746826 
4318 
531752 
13667 
1100033 
22648 
930706 
20746 
703219 
22665 
174128 
217350 
1013169 
16201 
1095121 
24974 
529527 
19760 
771068 
12712 
906703 
7216 
1085412 
26808 
737164 
9870 
194187 
751678 
786 
531515 
7966 
1109748 
16428 
679020 
24268 
708079 
17594 
722743 
2408 
669337 
26806 
664505 
8902 
751716 
27249 
615972 
2913 
530921 
210850 
26928 
531679 
27057 
189111 
969446 
11292 
925937 
4061 
587279 
1061678 
8891 
1047201 
21518 
896957 
10552 
775829 
6018 
620792 
26938 
1061577 
16922 
858518 
26850 
530154 
27367 
698272 
82 
592050 
2438 
625680 
9592 
529956 
8702 
190918 
210880 
635385 
19279 
911506 
9595 
649695 
2921 
606404 
19250 
834356 
24017 
727675 
21207 
877797 
5059 
530781 
7925 
679040 
6724 
805293 
5023 
984044 
2454 
751769 
26789 
998688 
7199 
984005 
25982 
529870 
6727 
1061677 
20247 
644920 
274 
530225 
6992 
959936 
26480 
945203 
1729 
930668 
15752 
1056795 
19777 
530783 
19274 
1095135 
3145 
530782 
21929 
935485 
4828 
906584 
14361 
644827 
13888 
596681 
4579 
204082 
1095129 
10573 
877926 
72453 
1115841 
187448 
969674 
199756 
807991 
14936 
5995182 
6078838 
4481061 
4185484 
165475 
1066257 
194199 
179412 
746780 
24418 
969254 
5697858 
4451940 
49264 
191115 
184313 
182515 
192622 
205555 
83584 
3546819 
2736143 
213892 
216088 
529108 
7635 
3423760 
32410 
70372 
1016018 
5493950 
5614033 
4745386 
174313 
189321 
728506 
201776 
56053 
4863158 
519553 
3154521 
2368206 
858437 
92783 
3521941 
121218 
20589 
5864510 
974189 
5994919 
5693121 
184026 
1099825 
211138 
3509 
880558 
1702148 
29938 
866191 
528625 
211094 
166963 
3816959 
5952754 
5827376 
5873787 
97184 
4905476 
5707216 
194426 
659463 
16856 
2318333 
35896 
618741 
5999572 
5827318 
177391 
698411 
126722 
2220167 
2613196 
3079970 
999349 
113103 
1041499 
2908899 
1628956 
2638071 
732154 
59481 
1129315 
127085 
902520 
216774 
178524 
4038511 
3301604 
2097400 
634471 
4825510 
3768507 
523658 
4013889 
4863094 
717725 
18344 
916086 
1680 
5906216 
5140527 
5748995 
5952723 
1073870 
3841469 
142616 
121201 
147010 
133590 
5864527 
5730412 
194414 
176239 
1027598 
152573 
1801118 
167925 
125756 
6907 
493168 
5976147 
5206119 
5613810 
5864437 
5735061 
131373 
194677 
703108 
27886 
1001848 
501512 
528717 
16569 
2440639 
123469 
938210 
5915478 
5037095 
212757 
217769 
202939 
1047035 
42609 
3448166 
63764 
5968 
5776449 
5618427 
6031970 
822452 
5375276 
6022680 
211157 
683810 
17858 
649869 
45814 
3448631 
3694316 
3472905 
838985 
181040 
19154 
1112741 
42553 
5641996 
5669859 
5850606 
642825 
5845949 
208725 
541925 
159651 
523887 
91735 
1129001 
54448 
1678288 
159052 
1133811 
53361 
2884620 
4186254 
5342314 
1974692 
542903 
201990 
819756 
215671 
738451 
201545 
151729 
3867366 
3154918 
924663 
852530 
1950269 
1136721 
2589906 
828533 
1002806 
1137064 
3105488 
205691 
1076060 
64724 
2735893 
114412 
2785174 
164265 
885487 
179094 
203587 
186480 
209836 
214558 
1016322 
179818 
842283 
209835 
206204 
528051 
202948 
542898 
141661 
1122785 
2908493 
949391 
582157 
2490696 
1998803 
2638402 
5210686 
519768 
984197 
151233 
1998535 
60206 
1117813 
2932680 
209054 
180661 
754607 
217790 
211241 
15851 
5947898 
5674382 
5790200 
1008155 
5632494 
5762537 
111361 
4160622 
645821 
116936 
3989581 
1022251 
3596938 
4646116 
1070775 
123642 
5182391 
920222 
728221 
2245365 
2933439 
3719319 
1089736 
3792873 
1752281 
2884185 
1131944 
829372 
195924 
16073 
5646613 
6046207 
778701 
5869257 
2416219 
136972 
146930 
56992 
5674657 
5252938 
5494662 
5901814 
182768 
785618 
189486 
175292 
1076573 
185185 
213076 
622515 
99739 
1802425 
178600 
33182 
2982155 
3621125 
2220757 
3031354 
1094420 
930329 
3203479 
3890947 
5032249 
25575 
2022717 
140418 
5836691 
6064688 
6041326 
5604475 
5187269 
1093226 
5943281 
186131 
184400 
187825 
205916 
916092 
134760 
69319 
2785023 
123471 
9975 
5776534 
5855284 
638059 
5262369 
5753586 
5581241 
176089 
181083 
196200 
528518 
35884 
4037885 
167154 
147006 
9438 
6027289 
4509137 
5637296 
5878468 
493218 
5679126 
182716 
192277 
1051800 
177585 
209312 
878585 
47707 
4750031 
2638441 
216717 
208917 
1066520 
162255 
3276740 
86861 
162256 
144519 
118733 
64609 
194408 
909628 
188851 
193083 
903090 
172126 
1046155 
731381 
663512 
1134075 
706382 
204663 
827681 
708004 
115624 
3546705 
10227 
909493 
5494707 
5224691 
185907 
888614 
62875 
591014 
1135447 
126297 
982502 
985636 
59180 
1114176 
15910 
921787 
5799643 
1093223 
205888 
219395 
199529 
197986 
601631 
175698 
65825 
2908130 
163610 
1554565 
1116197 
2662223 
173989 
587454 
193937 
163608 
3718886 
99196 
3203059 
149023 
2736013 
89146 
3743409 
113306 
3399249 
163609 
1702389 
163607 
3645413 
3227647 
2637650 
3104595 
215584 
677055 
202380 
1083602 
527919 
201333 
80465 
1112823 
3270 
5488597 
4547009 
6031841 
5488598 
604283 
780696 
201986 
1018223 
198681 
959757 
1830 
4518503 
1726886 
63705 
1049811 
5906311 
206001 
196021 
217597 
195305 
606520 
205018 
912211 
116325 
3080723 
4364268 
2319434 
44583 
1801313 
1801314 
3227551 
3890759 
1117884 
188877 
950402 
116513 
2859113 
1117934 
1998547 
902429 
41086 
4363437 
159619 
1022067 
2269845 
2072905 
134342 
3719706 
523899 
858459 
181091 
8583 
5976296 
754463 
3743127 
122345 
73702 
116781 
98279 
5966824 
5492006 
6022756 
5938705 
935522 
40225 
2834280 
164895 
179133 
649893 
217453 
708021 
187590 
174238 
182530 
174237 
23003 
5901860 
4886515 
5850748 
3202773 
140310 
106899 
725504 
189228 
652678 
197480 
135740 
2170683 
533493 
190644 
769102 
208071 
137948 
3645331 
1119591 
77838 
606584 
218757 
730563 
60038 
196022 
1106155 
181614 
1014138 
189985 
208383 
31939 
3301947 
5379984 
1131630 
1728049 
95330 
920164 
3375844 
2441917 
701989 
862614 
1084545 
774865 
600680 
1065314 
542279 
205258 
912674 
61815 
1135360 
813613 
3253419 
515529 
2614296 
1678780 
186481 
196481 
214698 
499113 
1035811 
193031 
1098575 
1055141 
66683 
4617771 
2220750 
3473267 
516752 
620456 
1080768 
73568 
1120447 
3104490 
3129434 
200843 
1061737 
73532 
1117101 
36836 
2294128 
2957159 
2367625 
989590 
193566 
63951 
4186398 
87786 
2294355 
4363460 
3277236 
731678 
610900 
207343 
882798 
113301 
67977 
1826021 
33428 
2465436 
86925 
957902 
198052 
795726 
162397 
50179 
1121292 
3890541 
3178550 
3276681 
655580 
141020 
2392744 
130837 
5332930 
73209 
1133623 
85795 
3202983 
3079981 
3129391 
3129259 
207334 
1105018 
199016 
962778 
1071977 
193395 
47684 
1122125 
1051545 
736434 
5238845 
2122000 
2908955 
214949 
54672 
3964331 
713622 
34932 
1123096 
4976151 
712169 
1017653 
100631 
1079914 
810678 
179747 
612630 
35194 
3621700 
3572497 
1605239 
793996 
1064596 
200245 
5135806 
1851185 
2171073 
2146601 
940016 
173559 
179332 
195948 
210975 
214252 
149165 
3595925 
145866 
209366 
177648 
180970 
189308 
809795 
219517 
1076730 
111933 
1900548 
61070 
3351051 
3056241 
3940296 
5079318 
175089 
532995 
102398 
3276627 
659730 
139062 
3006214 
1751886 
1949062 
178502 
955821 
180766 
532263 
134643 
2047417 
199174 
547958 
129729 
3326427 
2319362 
4759462 
203303 
811296 
150800 
196628 
94079 
872147 
1109365 
2048056 
2245005 
4872590 
217170 
203971 
185565 
1069229 
2844 
5571774 
5594906 
1924300 
44882 
967427 
196201 
625612 
51448 
3006082 
120050 
2318350 
1363 
5855468 
6018289 
5995174 
5103083 
493733 
5495429 
1113391 
111221 
165542 
51449 
5990520 
185862 
190942 
182537 
184149 
192637 
533010 
196924 
960559 
110476 
2072600 
110475 
2662565 
3939889 
1099198 
2171353 
993499 
2761161 
2982566 
4645997 
872561 
3080692 
750940 
3375116 
195648 
215766 
989038 
215150 
911485 
89242 
192564 
190857 
195807 
205799 
177499 
177500 
1001901 
191350 
1035748 
1033817 
209856 
123787 
3056517 
745882 
1079596 
4039314 
2982661 
1046283 
716610 
2368463 
219761 
616608 
180261 
142787 
610851 
2761418 
993006 
3203921 
765678 
790040 
518692 
4947855 
2416953 
1629010 
4038541 
205798 
948610 
542904 
211901 
553323 
42950 
3351471 
1041097 
2835428 
1135468 
191509 
858718 
59074 
2686935 
152344 
81326 
192402 
192401 
213947 
205621 
187378 
842003 
185608 
179826 
87334 
517637 
4504440 
3989222 
1129147 
770631 
111970 
2884155 
4363810 
2662812 
877025 
1555331 
660194 
206916 
1949851 
525061 
71638 
3965083 
746295 
2441246 
762116 
173406 
200139 
3449067 
4835125 
657849 
176329 
730663 
501611 
205797 
178039 
702849 
29688 
5008855 
5924882 
5623398 
5684152 
5818450 
5999892 
139170 
95984 
103601 
85921 
198225 
542022 
184576 
856857 
982571 
38199 
3105184 
3547256 
809461 
678221 
1080197 
4038812 
4363215 
3351052 
877412 
216879 
178637 
1077168 
57621 
2048585 
84800 
599602 
60253 
3718969 
149073 
2047492 
1604048 
2490011 
202399 
783676 
177317 
102393 
2883928 
150146 
4111766 
3202868 
2465375 
3399057 
1116840 
1628810 
187406 
688675 
198473 
1107746 
1056872 
112216 
2564044 
163770 
2416648 
71337 
1900140 
2318572 
2023117 
175725 
1018188 
59077 
2859085 
163828 
3301166 
127790 
2834388 
130042 
33448 
935283 
187851 
126902 
4136013 
23055 
5794814 
5720937 
754517 
1069285 
735341 
182329 
626576 
33726 
4787895 
780224 
3080515 
218973 
596890 
133432 
1973785 
52485 
3546822 
51338 
218224 
960022 
57933 
3645333 
107863 
777125 
156967 
1137043 
2860023 
3891494 
896889 
43691 
3104330 
2995 
739962 
5957695 
207622 
199333 
189246 
582617 
83635 
1115648 
2244585 
2563939 
2342896 
212380 
854293 
173628 
175306 
740272 
796500 
110854 
3694550 
3129644 
3596765 
1131888 
5041846 
919380 
128672 
4186393 
3203316 
4363031 
516758 
522621 
1065947 
2564889 
217894 
619078 
789107 
854453 
144320 
983717 
2146985 
2294322 
4806663 
1129960 
716986 
2539786 
4087381 
80248 
3841725 
123296 
199644 
843803 
197966 
18035 
5892259 
5762531 
5762532 
5683749 
5753415 
5739706 
5781023 
5990183 
5822664 
6004108 
4773667 
3521881 
168038 
5827229 
5952603 
5641784 
599456 
5845726 
5489120 
834425 
121033 
3129221 
76852 
4013520 
635475 
103472 
2465308 
145700 
2269432 
108939 
927155 
76269 
3228769 
929496 
687383 
2270536 
606986 
121282 
3399900 
149929 
1129140 
50006 
4966604 
2465782 
804852 
790217 
968806 
1122488 
988793 
146995 
3153582 
21615 
5966810 
5794921 
720646 
196061 
189418 
752366 
107668 
2859844 
1604330 
586554 
5323461 
915813 
1629282 
175319 
626396 
129346 
853277 
3694526 
741196 
1974439 
3448874 
3473309 
3670652 
1129333 
5464924 
3989642 
181453 
628955 
914496 
854928 
55160 
1137682 
953990 
682941 
3400282 
1103803 
780971 
142368 
2342904 
73467 
2908114 
81276 
858890 
81142 
3596287 
2514941 
1121020 
1121019 
1801617 
213714 
808154 
1052042 
135699 
4038144 
130014 
3178482 
35659 
1973937 
136834 
1117191 
110071 
3129235 
163249 
4136059 
3472913 
212456 
844055 
174082 
662498 
143561 
1875391 
145801 
2883940 
3030828 
1117183 
213904 
182291 
204421 
606512 
55713 
2613202 
3571527 
3006217 
212253 
175020 
645818 
183293 
109265 
5098307 
1604338 
3891123 
1126654 
79393 
785207 
98411 
48310 
116910 
95133 
157651 
5314427 
127446 
549169 
198290 
66598 
1052848 
4366526 
91076 
1801893 
714006 
198267 
208274 
191575 
4919634 
2122069 
43209 
551442 
3866725 
2047906 
3817598 
1130637 
3031478 
2490702 
521198 
1604536 
3301655 
945889 
187927 
501484 
909801 
36044 
2343327 
4994591 
3842426 
2121747 
678661 
925109 
3645897 
3571741 
978584 
755688 
761169 
167169 
3129018 
905 
5641893 
642853 
5794893 
4452669 
218965 
940574 
71204 
3227473 
37789 
1117292 
96875 
2834362 
119821 
3964655 
2613215 
1554756 
2785250 
218552 
810073 
197368 
846852 
163730 
77988 
3129218 
163731 
3890669 
2686849 
104640 
883306 
124149 
1999083 
523709 
1127387 
2171077 
581714 
4161232 
5266918 
1022497 
152101 
1095793 
159282 
2810331 
4504425 
1122441 
857793 
732363 
215989 
9254 
773798 
1112435 
101507 
6041444 
5697879 
5990360 
587463 
61314 
2662123 
205572 
766140 
166475 
2760521 
149193 
1158 
5655809 
5739908 
5422119 
1020852 
5493051 
863565 
76814 
2318475 
213877 
926561 
205203 
106600 
3744064 
3104854 
896186 
4363138 
858253 
1123774 
3449157 
529999 
180883 
32364 
3571223 
165447 
22982 
798333 
205854 
5159350 
5795120 
5943574 
5495640 
64794 
199302 
196429 
830801 
134086 
2958139 
210875 
595091 
694166 
113589 
3547740 
2319022 
2465739 
3891200 
3965089 
521138 
900976 
2490404 
3572134 
4363689 
915880 
719177 
207591 
190914 
184129 
174308 
1069106 
23551 
6032130 
5674620 
5864688 
1056666 
197711 
48127 
189314 
197712 
210981 
89299 
2907914 
94957 
2981412 
63687 
124528 
184232 
197713 
5494049 
5494048 
5785889 
5795029 
5981081 
4451944 
5809051 
532423 
113358 
3522068 
145789 
3301135 
3350240 
132338 
2588813 
65882 
4234966 
164606 
1751898 
37946 
3374729 
173563 
886628 
615402 
1056388 
799864 
1126354 
1123751 
522491 
1070350 
5389214 
3105246 
2023195 
1127642 
3744050 
1035442 
853547 
201098 
166327 
1825845 
1080728 
27074 
940407 
12719 
1032510 
23814 
531727 
13392 
198455 
591907 
175996 
189297 
97106 
4185421 
144690 
761283 
18523 
5495786 
822474 
5651313 
14061 
5739969 
2489785 
6018238 
5702612 
710820 
5206171 
211485 
591906 
2763 
885365 
5581357 
5131161 
5869233 
4210084 
165932 
199394 
930788 
207368 
1081994 
90779 
677957 
2319554 
2614294 
178592 
857028 
945874 
88904 
2097241 
3670457 
2834647 
1094813 
5182442 
498870 
179005 
163719 
2121341 
1116531 
1117198 
611147 
48124 
1112804 
9778 
904547 
4594345 
5943492 
212673 
1051744 
89389 
3546694 
18254 
5781101 
5818112 
4584851 
5490490 
754521 
762580 
214702 
808388 
208001 
657791 
542567 
151001 
1122433 
3179094 
857808 
5436454 
1008064 
183547 
71815 
3916169 
2024016 
1925475 
1851660 
590860 
1027637 
13470 
1948939 
91589 
1006421 
5665217 
5492906 
217601 
199455 
1008328 
21765 
1702149 
118976 
1006385 
5493150 
4886722 
959780 
17778 
5697971 
2637491 
72522 
647769 
5869236 
5384756 
5637440 
5924768 
215906 
545737 
651088 
115103 
2441995 
1104000 
3081126 
3597034 
892142 
27191 
819707 
1011 
616022 
5031 
712939 
11021 
882701 
27255 
790715 
4799 
529955 
189211 
219622 
793963 
204635 
950976 
188463 
80641 
1104503 
5060602 
2490369 
3055999 
605879 
876939 
1128135 
2810051 
498565 
11076 
746941 
17844 
530217 
197604 
2930 
785666 
12926 
770981 
26996 
529760 
2418 
906608 
215823 
24779 
531683 
21940 
712991 
12049 
531779 
1047154 
10095 
737254 
3644 
1109655 
9610 
606400 
14587 
771034 
23796 
582499 
22168 
1061555 
17592 
872937 
27221 
732409 
8168 
746944 
11742 
529971 
3388 
974481 
22420 
1100011 
6757 
659518 
174239 
17841 
529711 
8187 
587321 
19324 
679082 
24096 
877886 
13668 
795614 
3815 
737257 
27048 
756535 
10305 
698364 
22661 
530074 
205853 
640063 
23406 
175925 
25023 
901771 
1029 
717707 
6720 
529709 
17864 
858638 
27197 
1080641 
21960 
993883 
525 
649764 
26737 
530812 
23147 
877838 
9143 
1047125 
5302 
1056798 
8422 
529451 
21494 
877895 
1718 
872934 
21954 
843967 
15038 
644832 
23612 
756530 
209191 
285 
669420 
22697 
1066368 
2442 
935500 
21692 
906695 
27256 
901737 
16420 
839065 
23169 
756473 
4313 
530916 
3832 
950249 
13905 
1075895 
204215 
194189 
214164 
10604 
964709 
21001 
529973 
4332 
790753 
5525 
887421 
16206 
529662 
7993 
940410 
13162 
529838 
2443 
202613 
531685 
27047 
805176 
24278 
925905 
24534 
1022899 
13902 
775807 
506 
858632 
22696 
819700 
10329 
679024 
4807 
722613 
9371 
529871 
21471 
1018016 
2188 
998692 
24972 
1099897 
24774 
640147 
27045 
897004 
17599 
1027744 
13886 
1008483 
15052 
964715 
22908 
1027678 
10312 
984004 
1237 
630550 
16913 
930707 
8677 
529743 
19047 
887330 
4057 
848879 
27046 
1032536 
887381 
32 
839144 
14790 
615906 
22173 
911501 
19287 
863465 
209190 
25458 
189456 
805198 
24575 
582376 
167289 
1801120 
9298 
949880 
5491100 
5943318 
5103045 
219407 
872852 
16636 
897009 
13868 
678991 
19044 
529574 
20478 
606396 
11296 
974533 
5786 
531629 
25241 
1022854 
12920 
790756 
189110 
3628 
529567 
10320 
1051827 
12275 
611287 
16907 
863346 
19517 
659618 
27236 
877836 
26852 
1104906 
11769 
596709 
269 
1075959 
7204 
809909 
9871 
1056797 
16648 
674115 
2419 
1037376 
11760 
935409 
27432 
795607 
4573 
531684 
9597 
819652 
6259 
531823 
15277 
780741 
16641 
756399 
6763 
863455 
10572 
858541 
2213 
531630 
11303 
1032563 
5770 
1056799 
20479 
531456 
6542 
174465 
805278 
16447 
853510 
93902 
1850344 
53791 
143721 
18214 
6036689 
838808 
730330 
5613871 
5660398 
4905322 
5976232 
6064708 
6045975 
5660397 
5490913 
41515 
189805 
622133 
113736 
2270603 
1026924 
3498395 
582441 
25167 
1726893 
123396 
31221 
5271626 
5637480 
5897205 
493247 
175965 
199217 
215821 
620940 
179125 
851724 
532882 
141339 
1998542 
3669855 
4234925 
618861 
144646 
2687172 
2146016 
182400 
959832 
165450 
4111452 
8582 
5495634 
6009128 
5957712 
5799667 
494118 
152440 
213449 
528880 
215975 
18229 
6041455 
5595144 
5841512 
5822889 
5623205 
5697888 
5632709 
817574 
5492960 
4848805 
5581287 
5665220 
5906310 
1112709 
101503 
5725823 
5492961 
5938759 
191085 
640322 
544613 
216709 
173476 
532912 
123288 
4111586 
101669 
3473781 
2343494 
2121820 
653845 
5483614 
4112024 
1133666 
1127505 
1065678 
867897 
1999142 
1900589 
3621357 
3915478 
2047832 
197615 
775922 
10561 
531618 
7476 
1013287 
13907 
964592 
3849 
1085495 
26929 
805288 
18576 
1080722 
27257 
979220 
14842 
940404 
4072 
606394 
18336 
674127 
5793 
911504 
1739 
834260 
22197 
892140 
8181 
669472 
26760 
530777 
17840 
531749 
12928 
531741 
22421 
635336 
19036 
596690 
6010 
930648 
26801 
771073 
16902 
839147 
14353 
683803 
24290 
703223 
19022 
529857 
23802 
587385 
10321 
824443 
26809 
592053 
17393 
640145 
6258 
892144 
3630 
1075923 
10588 
703209 
2212 
974534 
3162 
601537 
6758 
959935 
9827 
531586 
20742 
844031 
5019 
531647 
6507 
531662 
17602 
940402 
24055 
582557 
8421 
911404 
8411 
766178 
7455 
863467 
12704 
1037392 
24058 
872850 
4330 
911422 
6280 
882702 
21492 
1056807 
15727 
530811 
24043 
596826 
5261 
751761 
1484 
530920 
7463 
810015 
5762 
756434 
7710 
1008421 
19505 
592049 
2691 
1003677 
180855 
6251 
988857 
26849 
746943 
23131 
669476 
17825 
1032564 
19034 
611247 
26734 
746843 
25258 
993807 
199646 
722524 
90531 
3472682 
37039 
1875208 
101585 
150361 
72636 
1063 
4858406 
5641780 
5609073 
5489089 
6008740 
5985454 
5757944 
1107636 
216277 
5980813 
5915299 
5711713 
5739703 
5771638 
5841286 
5660280 
5966644 
5892253 
6004107 
5489088 
6036582 
5637163 
91666 
148162 
105997 
90532 
92822 
73771 
99414 
152580 
69387 
149284 
184476 
213155 
1027835 
123324 
133466 
34607 
207438 
115552 
4235010 
98129 
1116027 
2392242 
2736151 
1702455 
3202968 
1116026 
553159 
189802 
662616 
1090992 
63313 
5417533 
132033 
145504 
72167 
1130282 
1752529 
1998858 
1089581 
2662588 
3744230 
1085086 
61121 
178643 
847158 
31627 
1041084 
988009 
653698 
1098939 
1136978 
610192 
509451 
1134090 
3473976 
3940694 
176255 
179562 
202953 
184477 
210747 
749835 
181471 
869382 
198724 
742613 
147697 
1875960 
124171 
4186281 
4363678 
2589552 
1075615 
1122552 
687746 
193631 
683932 
107939 
1117134 
139136 
1899876 
691754 
18236 
5490868 
5581164 
1083486 
620727 
109168 
1924332 
209520 
176157 
207863 
5641868 
818399 
498938 
206359 
977626 
73132 
4088054 
2023918 
2884850 
4211445 
179563 
57114 
189659 
733146 
86681 
3277518 
102149 
3473548 
121437 
1127297 
1653640 
687712 
1826795 
523682 
4551560 
191938 
553286 
31619 
701966 
3916168 
3695263 
1137268 
4211328 
514214 
2023951 
986823 
30426 
5919742 
5790153 
5744311 
5855057 
5488530 
5961873 
674021 
64942 
1579120 
32529 
2735732 
73788 
86092 
168258 
131392 
46019 
168259 
200125 
742817 
219994 
189699 
555800 
53007 
3547974 
2270528 
857388 
217272 
606444 
101375 
2957120 
82529 
164421 
1018161 
101376 
3890520 
52528 
1116629 
160275 
727936 
210736 
793652 
181941 
1004295 
197011 
74430 
3105258 
1122421 
4532770 
993445 
881852 
534235 
103427 
4136281 
964759 
117753 
3448484 
3915213 
998836 
163300 
3988906 
76842 
212297 
798432 
835525 
75371 
4088041 
687703 
1137058 
533694 
198616 
611890 
152742 
2097369 
853230 
2097420 
515972 
4363869 
2785580 
991879 
77921 
3546865 
863603 
136773 
2318650 
116504 
3964545 
1119006 
825288 
195138 
67209 
4136727 
1124943 
790008 
1124942 
1125172 
1703073 
3473303 
4900708 
654775 
214009 
85882 
2220110 
62448 
1924664 
48025 
2146183 
116632 
795649 
176995 
1038039 
78884 
3670428 
70977 
752921 
523963 
5004087 
3965002 
1629619 
4112219 
1678002 
2908489 
1999048 
1007685 
219731 
1096422 
179799 
198176 
975230 
189775 
743241 
191497 
156828 
3621835 
2393070 
849002 
119870 
1116761 
3325702 
3055393 
162417 
202296 
960658 
122490 
519643 
2981959 
785299 
4750046 
1949885 
89431 
3080563 
3719325 
4731376 
2490586 
1653922 
969178 
1654031 
2294529 
1801865 
180121 
105368 
1703535 
126003 
2417572 
513438 
1925611 
3646455 
1102918 
185671 
115546 
2686840 
4234894 
2834226 
2022775 
40514 
519534 
3350664 
1129806 
2638247 
3179084 
4844349 
201339 
197989 
1099813 
24645 
2907903 
110314 
5947929 
5337418 
5604434 
764116 
6008778 
184436 
204081 
904624 
206176 
532416 
215673 
164623 
3546708 
46774 
1119012 
984273 
1116430 
4650733 
5808756 
5637126 
5711689 
5753382 
5488529 
5804082 
6055289 
5488531 
5915274 
873057 
108946 
2294082 
152305 
64928 
649704 
11791 
175938 
205866 
1104913 
1239 
187868 
611290 
15042 
858549 
16937 
639963 
211212 
62637 
1113055 
121243 
2121117 
167829 
148142 
2097 
5813456 
5632528 
5590377 
5887623 
5868995 
5489725 
493181 
204491 
4451804 
5599668 
71553 
182801 
90516 
179538 
209579 
192927 
219485 
204490 
186191 
993892 
24538 
877689 
176145 
8307 
4449951 
744761 
5491097 
3350043 
51537 
5896962 
192846 
212813 
207857 
206107 
911431 
1993 
814659 
51575 
2956946 
8367 
5748911 
894864 
5576547 
184443 
211213 
219486 
177900 
39294 
210874 
179252 
27704 
925847 
27003 
814736 
6277 
640148 
8174 
751672 
23639 
770987 
22899 
853697 
17383 
654724 
3823 
834341 
4572 
930721 
16629 
611165 
12921 
531807 
26702 
737141 
6963 
620856 
1104864 
6722 
974535 
22918 
1051860 
22703 
1051944 
23815 
529655 
6245 
843954 
21713 
916188 
51 
858648 
9572 
834352 
207495 
175861 
992 
882662 
18816 
882710 
22431 
635373 
20744 
810006 
6023 
1109754 
22902 
529654 
39 
1022904 
11298 
940414 
11522 
529738 
13671 
210889 
717782 
19987 
1032567 
8413 
1042295 
15494 
746938 
1253 
1076016 
12459 
1061671 
5528 
1032615 
8177 
805281 
27220 
1022911 
985 
1071159 
6719 
955077 
9864 
935382 
19045 
814748 
23603 
679097 
3620 
863353 
27089 
916229 
26002 
795487 
25712 
868139 
23607 
630548 
7957 
1013182 
23143 
531649 
3398 
1066327 
19273 
819672 
18 
1085552 
21203 
785685 
21497 
930667 
1955 
615923 
4586 
189206 
940418 
12024 
722734 
14373 
950161 
26886 
780848 
6502 
659511 
14604 
1037355 
13200 
863364 
23364 
1080729 
18583 
611286 
15054 
858647 
14114 
940408 
5286 
644917 
7696 
530917 
10797 
761241 
23613 
887333 
194186 
5058 
969479 
7943 
654598 
21928 
834348 
14798 
732451 
1954 
805183 
26846 
790645 
10809 
746820 
8932 
785784 
27237 
930711 
16429 
582566 
26479 
844015 
11766 
1100024 
21226 
654716 
19284 
644872 
11747 
531691 
21481 
1032540 
12074 
1080734 
275 
950140 
7938 
911505 
3393 
582562 
26695 
712911 
16664 
606272 
13895 
601435 
3618 
819699 
24773 
868253 
2924 
688497 
10556 
950210 
26784 
644818 
11045 
921020 
13906 
1080724 
8673 
1061635 
26851 
708135 
10577 
1018114 
5037 
1066258 
727667 
20738 
984107 
12937 
1027742 
5505 
625708 
9194 
1071086 
15292 
911512 
11023 
770986 
25454 
766188 
26918 
14370 
771169 
56821 
2588754 
1677920 
214310 
877719 
199453 
20820 
5641987 
725575 
1074340 
520847 
5985674 
2465195 
80382 
193908 
1083601 
190344 
960514 
34331 
4693161 
114181 
1653909 
2441258 
3719418 
2121693 
1629337 
978915 
794816 
3179137 
185243 
183037 
958525 
1033910 
55369 
619045 
594865 
1008558 
202409 
56864 
3792506 
204030 
814956 
64632 
3743478 
2490246 
2244806 
3964604 
1924663 
218875 
904768 
783907 
1095358 
202263 
182180 
135637 
3497449 
625796 
212334 
766855 
181882 
191433 
891829 
946643 
583863 
109632 
159160 
3154433 
3055995 
2687225 
867506 
790338 
4363125 
190278 
163634 
2834343 
44646 
209040 
916320 
180641 
110096 
1095818 
122436 
1125698 
4513709 
88898 
3743971 
2687521 
516879 
4235452 
2465658 
1065867 
180237 
1085617 
101343 
1115803 
66893 
1110379 
126432 
4617532 
1027023 
524303 
4235604 
596888 
163854 
3596261 
1116625 
616603 
104406 
3130142 
4363260 
67045 
2145820 
115692 
4264 
5749015 
1059569 
5855244 
4726742 
6078610 
209472 
528035 
49342 
2047205 
121257 
4742 
5604392 
5947895 
996579 
5720876 
5785623 
5489174 
5818036 
31347 
129174 
688609 
2682 
863552 
106788 
1121643 
34539 
2367478 
4160871 
3964569 
200672 
756340 
177786 
200583 
896856 
166598 
3055221 
166597 
3988737 
102555 
148059 
57033 
117877 
3945 
493803 
5804339 
5613970 
5721095 
5739887 
5845935 
5933994 
5337541 
191520 
935525 
144648 
3866169 
74709 
3596020 
164874 
66939 
646209 
115967 
886414 
3449353 
1138352 
3130179 
687621 
1555741 
177727 
679239 
53506 
2440962 
133336 
84639 
108892 
545443 
51059 
3129692 
1727804 
1051182 
524917 
4467027 
1124964 
189429 
64878 
1114049 
131334 
206070 
219380 
189430 
176119 
635920 
68948 
2171026 
42163 
2171452 
624966 
1130561 
524090 
4731278 
190381 
194398 
212783 
211103 
217658 
5771892 
5971618 
