8582 
18229 
29688 
37789 
38199 
42950 
48025 
52528 
57621 
59074 
60253 
61070 
62448 
67209 
70977 
71204 
71638 
74430 
75371 
76842 
77921 
77988 
78884 
80641 
81326 
82529 
84800 
85882 
85921 
87334 
89242 
89431 
94079 
95984 
96875 
101375 
101376 
101503 
101669 
102398 
103427 
103601 
104640 
105368 
111933 
111970 
115546 
116504 
116632 
117753 
119821 
119870 
122490 
123288 
123787 
124149 
126003 
129729 
134643 
136773 
139062 
139170 
141249 
141339 
142787 
144646 
149073 
150800 
152101 
152344 
152440 
152742 
156828 
159282 
160275 
162417 
163300 
163730 
163731 
164421 
165450 
170558 
173406 
173476 
175089 
176329 
176995 
177225 
177499 
177500 
178039 
178502 
178637 
179125 
179799 
179826 
180121 
180261 
180766 
181941 
182400 
184576 
185565 
185608 
185671 
187378 
188463 
189775 
190857 
191085 
191350 
191497 
191509 
192401 
192402 
192564 
193487 
195138 
195807 
196628 
197011 
197368 
197615 
198176 
198225 
198616 
199174 
200139 
202296 
203303 
203971 
204635 
205621 
205797 
205798 
205799 
206916 
209856 
210736 
211901 
212297 
213449 
213947 
214009 
215150 
215459 
215492 
215584 
215671 
215673 
215766 
215821 
215823 
215906 
215975 
215989 
216042 
216088 
216099 
216277 
216709 
216717 
216774 
216879 
217170 
217272 
217312 
217350 
217453 
217597 
217601 
217658 
217715 
217769 
217790 
217894 
218224 
218552 
218757 
218875 
218965 
218973 
219165 
219307 
219380 
219395 
219407 
219485 
219486 
219517 
219622 
219731 
219761 
219994 
494118 
498565 
501611 
513438 
515972 
516386 
517637 
517677 
518692 
519643 
523709 
523963 
525061 
528880 
532263 
532882 
532912 
532995 
533694 
534235 
542022 
542904 
544613 
547958 
553323 
581714 
599602 
605879 
606444 
610851 
611890 
616608 
618861 
619078 
620940 
640322 
653845 
654775 
657593 
657849 
659730 
660194 
677055 
678221 
687703 
702849 
716610 
727936 
730563 
730663 
743241 
745882 
746295 
752921 
762116 
765678 
770631 
785299 
789107 
790008 
790040 
793652 
793963 
795649 
798432 
809461 
810073 
811296 
817574 
825288 
835525 
842003 
846852 
849002 
851724 
853230 
856857 
857793 
858718 
863603 
867897 
872147 
876939 
877025 
877412 
881852 
883306 
904768 
911485 
940574 
948610 
950976 
955821 
959832 
960658 
964759 
964823 
969178 
975230 
982571 
989038 
991879 
993006 
993445 
998351 
998836 
1001901 
1004295 
1007685 
1018161 
1022497 
1033817 
1035748 
1038039 
1041097 
1046283 
1065678 
1069229 
1070645 
1076730 
1077168 
1079596 
1080197 
1095793 
1096422 
1100738 
1102918 
1104503 
1109365 
1112709 
1116629 
1116761 
1117292 
1119006 
1122421 
1122441 
1124942 
1124943 
1125172 
1127387 
1127505 
1128135 
1129147 
1133666 
1135468 
1137058 
1554756 
1555331 
1604048 
1629010 
1629619 
1653922 
1654031 
1678002 
1703073 
1703535 
1751886 
1801865 
1900548 
1900589 
1924664 
1925611 
1949062 
1949851 
1949885 
1998542 
1999048 
1999083 
1999142 
2022775 
2047417 
2047492 
2047832 
2048056 
2048585 
2097369 
2097420 
2121820 
2146016 
2146183 
2171077 
2220110 
2245005 
2294529 
2318650 
2319362 
2343494 
2368463 
2393070 
2416953 
2417572 
2440871 
2441246 
2490011 
2490369 
2490586 
2613215 
2662812 
2686840 
2686849 
2686935 
2687172 
2761418 
2785250 
2785580 
2810051 
2810331 
2834226 
2834362 
2835428 
2884155 
2908489 
2957120 
2981959 
2982661 
3006214 
3055393 
3055704 
3055999 
3056241 
3056517 
3080563 
3105175 
3105184 
3105258 
3129218 
3154541 
3203921 
3227473 
3276627 
3325702 
3326427 
3351051 
3351052 
3351471 
3448484 
3449067 
3473303 
3473781 
3546865 
3547256 
3621357 
3621835 
3646455 
3669855 
3670428 
3718969 
3719325 
3768713 
3890520 
3890669 
3915213 
3915478 
3940296 
3964545 
3964655 
3965002 
3965083 
3988906 
3989222 
4038541 
4038812 
4039314 
4087087 
4088041 
4111452 
4111586 
4112024 
4112219 
4136281 
4136727 
4161232 
4234894 
4234925 
4363215 
4363810 
4363869 
4504425 
4504440 
4532770 
4731376 
4750046 
4759462 
4835125 
4848805 
4872590 
4900708 
4947855 
5004087 
5008855 
5060602 
5079318 
5107731 
5266918 
5483614 
5492960 
5492961 
5495634 
5581287 
5595144 
5623205 
5623398 
5632709 
5665220 
5684152 
5697888 
5725823 
5799667 
5818450 
5822889 
5841512 
5906310 
5924882 
5938759 
5957712 
5999892 
6009128 
6041455 
