 2 30001 
 3 16973 
 4 10035 
 5 7677 
 6 7225 
 7 6798 
 8 4824 
 9 3662 
 10 2758 
 11 2079 
 12 1527 
 13 1150 
 14 948 
 15 791 
 16 649 
 17 534 
 18 463 
 19 418 
 20 324 
 21 277 
 22 244 
 23 203 
 24 193 
 25 138 
 26 125 
 27 119 
 28 107 
 29 93 
 30 89 
 31 61 
 32 59 
 33 55 
 34 55 
 35 40 
 36 36 
 37 36 
 38 37 
 39 26 
 40 34 
 41 24 
 42 37 
 43 18 
 44 25 
 45 21 
 46 15 
 47 15 
 48 22 
 49 14 
 50 11 
 51 17 
 52 14 
 53 8 
 54 7 
 55 11 
 56 10 
 57 8 
 58 10 
 59 7 
 60 6 
 61 6 
 62 9 
 63 6 
 64 6 
 65 6 
 66 11 
 67 5 
 68 4 
 69 7 
 70 4 
 71 5 
 72 4 
 73 7 
 74 1 
 75 2 
 76 4 
 77 5 
 78 3 
 79 2 
 80 2 
 81 3 
 82 3 
 83 2 
 85 2 
 86 2 
 87 3 
 88 1 
 89 1 
 92 3 
 93 1 
 94 2 
 95 3 
 96 5 
 97 3 
 99 1 
 100 1 
 103 2 
 104 1 
 106 2 
 107 1 
 109 1 
 110 4 
 112 3 
 113 1 
 114 1 
 115 1 
 121 2 
 123 2 
 124 3 
 126 1 
 127 1 
 128 2 
 129 2 
 130 2 
 135 1 
 137 3 
 139 1 
 140 1 
 141 1 
 143 2 
 149 1 
 151 1 
 154 1 
 156 1 
 160 1 
 161 1 
 162 1 
 166 1 
 168 1 
 169 2 
 171 1 
 173 1 
 175 3 
 177 2 
 179 1 
 186 1 
 190 1 
 191 2 
 199 1 
 205 1 
 209 1 
 227 1 
 257 1 
 286 2 
 326 1 
 354 1 
 374 1 
 423 1 
 573 1 
 601 1 
 622 1 
 627 1 
 948 1 
 1347 1 
 1656 1 
 3567 1 
