6  863603  116504  3964545  136773  2318650  1119006 
13  853230  152742  515972  2097369  611890  198616  991879  533694  77921  3546865  2785580  2097420  4363869 
11  1124942  67209  1703073  1124943  1125172  4136727  790008  4900708  825288  195138  3473303 
130  616608  142787  790040  4038541  993006  1629010  4947855  518692  610851  765678  3203921  2416953  2761418  180261  1033817  209856  177500  1001901  191350  1035748  911485  190857  139170  176329  730663  501611  178039  702849  29688  5623398  5008855  5924882  5818450  5999892  5684152  195807  103601  205798  542904  87334  517637  770631  111970  2884155  1555331  1949851  877025  4363810  660194  206916  2662812  525061  71638  762116  173406  200139  3449067  746295  4835125  2441246  3965083  4504440  1129147  3989222  211901  553323  42950  2835428  1041097  1135468  3351471  191509  858718  192401  213947  187378  842003  185608  205621  152344  2686935  81326  59074  192402  179826  657849  948610  205797  205799  192564  177499  95984  198225  542022  178637  989038  60253  2047492  149073  2490011  3718969  1604048  184576  856857  982571  38199  4363215  4038812  877412  3105184  1080197  3351052  809461  3547256  678221  1077168  57621  2048585  89242  84800  85921  123787  3056517  1079596  4039314  745882  716610  2982661  2368463  1046283 
17  193487  964823  141249  4087087  2440871  177225  1100738  170558  516386  5107731  3154541  3055704  1070645  3768713  3105175  998351  517677 
10  3129218  77988  3890669  163731  2686849  810073  163730  197368  846852  104640 
5  1137058  75371  687703  835525  4088041 
17  883306  124149  1999083  5266918  581714  1022497  152101  1122441  857793  2810331  159282  4504425  1095793  2171077  1127387  523709  4161232 
65  126003  1703535  105368  1925611  2417572  1096422  179799  1038039  78884  1999048  523963  5004087  1629619  1678002  1007685  2908489  3965002  3670428  70977  752921  4112219  202296  960658  198176  849002  189775  975230  89431  4731376  2294529  3719325  1653922  1654031  1801865  2490586  969178  3080563  180121  743241  191497  156828  2393070  3621835  119870  1116761  3325702  3055393  162417  122490  519643  785299  2981959  1949885  4750046  176995  1102918  795649  185671  115546  2686840  2834226  2022775  4234894  3646455  513438 
6  163300  998836  212297  798432  76842  3988906 
3  4136281  103427  534235 
4  964759  117753  3915213  3448484 
14  3055999  80641  950976  188463  204635  498565  793963  1128135  1104503  2810051  5060602  2490369  876939  605879 
30  203303  547958  180766  532263  134643  2047417  199174  196628  955821  94079  1109365  4872590  872147  2245005  2048056  178502  659730  203971  139062  1949062  3006214  1751886  185565  1069229  129729  2319362  4759462  3326427  811296  150800 
12  71204  2785250  96875  3227473  119821  940574  37789  2613215  2834362  3964655  1554756  1117292 
5  606444  101375  2957120  82529  164421 
3  532995  102398  3276627 
9  2146183  48025  1924664  62448  654775  85882  2220110  116632  214009 
9  3351051  111933  1076730  61070  3940296  1900548  3056241  5079318  175089 
68  851724  179125  532882  141339  1998542  4234925  3669855  620940  144646  2687172  2146016  182400  959832  197615  213449  544613  101669  867897  2121820  653845  1133666  3621357  1900589  1065678  3473781  5483614  2343494  1127505  2047832  4112024  1999142  3915478  173476  532912  123288  4111586  640322  528880  191085  18229  5665220  5697888  1112709  101503  4848805  5492960  6041455  5595144  5841512  5492961  817574  5623205  5632709  5822889  5725823  5581287  5938759  5906310  152440  4111452  165450  8582  5495634  6009128  494118  5799667  5957712  618861 
18  3105258  74430  4532770  1122421  881852  1004295  181941  793652  210736  1018161  101376  3890520  160275  727936  52528  1116629  197011  993445 
