28336 
3153508 
102533 
528984 
198712 
621489 
197744 
132031 
1128094 
746474 
4362922 
3031166 
202982 
635417 
121077 
1949269 
1875347 
863552 
200672 
34539 
1121643 
106788 
4160871 
2367478 
3964569 
1018008 
207649 
184187 
79220 
1554431 
32384 
201026 
192886 
639975 
207881 
891978 
25583 
5860028 
5845963 
2809525 
88187 
5739916 
783643 
58122 
184263 
197752 
115665 
184264 
127998 
1554385 
6097 
807919 
5896935 
194457 
741908 
30099 
5827490 
493241 
2637432 
78133 
179358 
182611 
528629 
57058 
2932522 
25640 
5855258 
1025683 
176106 
192813 
529501 
199329 
82602 
3276476 
19848 
5901851 
494156 
5762887 
5609426 
6069558 
202630 
175953 
1085376 
166479 
1998326 
5843 
1020845 
5762761 
5609298 
5572029 
209409 
106956 
166480 
703040 
81515 
3252122 
29347 
5980962 
493670 
5576672 
206058 
834148 
189499 
86061 
2342751 
22626 
5855163 
710845 
209547 
201027 
187629 
21567 
5394100 
795321 
5642096 
906378 
5494846 
756340 
194398 
64878 
1114049 
131334 
189429 
189430 
200583 
679239 
84639 
108892 
53506 
2440962 
133336 
545443 
51059 
4467027 
524917 
1124964 
1727804 
1051182 
3129692 
896856 
166598 
3988737 
3945 
5739887 
5804339 
5337541 
3055221 
117877 
166597 
57033 
148059 
102555 
5933994 
5845935 
5613970 
493803 
5721095 
191520 
935525 
144648 
3866169 
74709 
3596020 
66939 
164874 
646209 
115967 
3449353 
886414 
687621 
3130179 
1138352 
1555741 
177727 
177786 
206070 
176119 
635920 
42163 
2171452 
68948 
4731278 
1130561 
2171026 
624966 
524090 
190381 
211103 
212783 
717870 
83686 
1801318 
1117715 
2711307 
531611 
23155 
688609 
2682 
631168 
190266 
178579 
90041 
1128059 
2637971 
4363139 
863021 
741227 
827495 
814647 
1386 
5412914 
5488526 
2613079 
38164 
827399 
5799264 
194564 
202981 
181258 
528035 
49342 
2047205 
31347 
121257 
4742 
5720876 
5604392 
5785623 
996579 
5947895 
5818036 
5489174 
129174 
596605 
206233 
181259 
18957 
1875127 
99428 
5799263 
4447259 
5873629 
5488525 
5906052 
943146 
186250 
912007 
108767 
1949477 
52248 
634925 
2613904 
5013468 
746090 
3031084 
2712065 
1099836 
115692 
2145820 
67045 
4264 
5749015 
1059569 
6078610 
5855244 
4726742 
202388 
892227 
182489 
759775 
616603 
104406 
3130142 
4363260 
596888 
163854 
1116625 
3596261 
542103 
181939 
193622 
620964 
213605 
182364 
199120 
112255 
2981710 
60241 
3988851 
55789 
3399152 
79157 
2932731 
33472 
1604270 
164354 
3988966 
164353 
2220419 
4136204 
3350367 
1801440 
3129386 
3522321 
1554625 
189021 
210727 
179071 
1073986 
47740 
3129769 
148796 
3965159 
159523 
2245100 
121912 
3448693 
102766 
3031216 
43355 
1128394 
68412 
755678 
32675 
4928977 
80596 
524271 
1122776 
3375456 
3964704 
1129260 
1017485 
799660 
4087939 
785373 
522631 
780236 
794882 
852901 
198705 
214624 
778988 
201572 
709298 
118460 
2319664 
156975 
3769157 
156974 
3080987 
35286 
2343998 
142880 
3842824 
1070134 
2909203 
3842793 
178179 
628899 
183595 
196328 
691757 
176357 
501491 
14469 
5609292 
4136019 
9722 
880616 
654553 
119011 
196066 
5627909 
4914861 
5572028 
5869155 
943147 
683759 
58130 
1924310 
113460 
5618567 
940223 
28914 
759280 
2244493 
105952 
5878423 
5804214 
192873 
625796 
190278 
766855 
191433 
583863 
109632 
891829 
946643 
159160 
4363125 
2687225 
790338 
3154433 
3055995 
867506 
181882 
212334 
44646 
209040 
916320 
180641 
110096 
163634 
2834343 
1066988 
118574 
3154455 
828700 
2270206 
3080693 
5201208 
2785854 
1122014 
2613973 
1051483 
1095818 
180237 
88898 
3743971 
122436 
1125698 
4513709 
4235452 
516879 
1065867 
2687521 
2465658 
737343 
202395 
54703 
3988904 
1085617 
101343 
1115803 
66893 
839247 
82447 
2514704 
57953 
1579470 
147892 
3153809 
132261 
51311 
177273 
205631 
783907 
594865 
1008558 
56864 
3792506 
202409 
204030 
814956 
64632 
1924663 
2244806 
2490246 
3964604 
3743478 
771169 
193908 
877719 
214310 
190344 
960514 
183037 
1033910 
55369 
619045 
958525 
114181 
1629337 
34331 
3179137 
1653909 
3719418 
794816 
978915 
2121693 
2441258 
4693161 
185243 
80382 
2465195 
20820 
520847 
725575 
5985674 
1074340 
5641987 
199453 
1083601 
56821 
2588754 
1677920 
930716 
14370 
207631 
1066368 
2442 
751761 
1484 
596690 
6010 
1047125 
5302 
766188 
26918 
868139 
23607 
795487 
25712 
805183 
26846 
530783 
19274 
531630 
11303 
746943 
23131 
925847 
27003 
669420 
22697 
606272 
13895 
1032536 
785666 
12926 
1032567 
8413 
611286 
15054 
810015 
5762 
892142 
27191 
737257 
27048 
1085495 
26929 
1075895 
214164 
194189 
10604 
204215 
530225 
6992 
640147 
27045 
775807 
506 
659518 
17841 
174239 
530921 
210850 
26928 
1022911 
985 
698364 
22661 
664505 
8902 
530781 
7925 
592049 
2691 
529973 
4332 
1022854 
12920 
984044 
2454 
771073 
16902 
1104864 
6722 
988857 
26849 
746820 
8932 
592050 
2438 
722734 
14373 
790715 
4799 
770986 
25454 
950210 
26784 
635336 
19036 
679020 
24268 
615906 
22173 
1056795 
19777 
887330 
4057 
993883 
525 
1056799 
20479 
887421 
16206 
834349 
13666 
771068 
12712 
906608 
24779 
935485 
4828 
1066327 
19273 
620856 
834356 
24017 
746944 
11742 
529870 
6727 
531727 
13392 
198455 
591907 
14061 
4185421 
144690 
761283 
18523 
822474 
5651313 
5495786 
97106 
2489785 
5702612 
6018238 
5206171 
5739969 
710820 
211485 
542567 
183547 
151001 
5436454 
3179094 
857808 
1122433 
1008064 
214702 
808388 
208001 
657791 
762580 
71815 
2024016 
1925475 
3916169 
590860 
1851660 
1051744 
89389 
3546694 
18254 
754521 
5490490 
5781101 
4584851 
5818112 
611147 
9778 
1112804 
48124 
904547 
4594345 
5943492 
212673 
959780 
17778 
5384756 
5924768 
647769 
5869236 
5697971 
5637440 
2637491 
72522 
591906 
199394 
930788 
179005 
178592 
857028 
207368 
945874 
88904 
3670457 
1094813 
5182442 
2097241 
2834647 
1081994 
90779 
2614294 
677957 
2319554 
498870 
163719 
2121341 
1117198 
1116531 
165932 
4210084 
2763 
5869233 
885365 
5581357 
5131161 
1008328 
21765 
1702149 
118976 
5493150 
4886722 
1006385 
1027637 
13470 
1948939 
91589 
5665217 
5492906 
1006421 
199455 
175996 
189297 
651088 
115103 
3597034 
2441995 
1104000 
3081126 
545737 
746843 
25258 
761241 
23613 
1047201 
21518 
530916 
3832 
906584 
14361 
611247 
26734 
1022904 
11298 
732451 
1954 
911404 
8411 
1109655 
9610 
703219 
22665 
174128 
669472 
26760 
1056807 
15727 
531679 
27057 
189111 
863353 
27089 
674115 
2419 
529955 
11076 
189211 
872937 
27221 
780848 
6502 
1099918 
2424 
1003677 
180855 
6251 
756530 
285 
209191 
582499 
22168 
1100024 
21226 
916188 
51 
708135 
10577 
529857 
23802 
1080722 
27257 
848879 
27046 
1027744 
13886 
1085552 
21203 
722727 
10330 
1061555 
17592 
530154 
27367 
896957 
10552 
606400 
14587 
877838 
9143 
751678 
786 
529654 
39 
587385 
10321 
892144 
3630 
712911 
16664 
756535 
10305 
839065 
23169 
1022899 
13902 
897004 
17599 
530782 
21929 
615923 
189206 
4586 
1071159 
6719 
596709 
269 
698272 
82 
644917 
7696 
1056797 
16648 
530917 
10797 
892140 
8181 
640145 
6258 
674127 
5793 
616022 
5031 
930721 
16629 
620792 
26938 
795486 
16425 
727667 
20738 
858632 
22696 
582557 
8421 
679040 
6724 
587279 
531752 
13667 
756434 
7710 
1095135 
3145 
531779 
649695 
2921 
669337 
26806 
654716 
19284 
935500 
21692 
940402 
24055 
529655 
6245 
921020 
13906 
531456 
174465 
853510 
18214 
5976232 
1850344 
53791 
41515 
93902 
143721 
5660397 
5660398 
6064708 
4905322 
6036689 
838808 
5613871 
730330 
5490913 
6045975 
189805 
622133 
113736 
3498395 
1026924 
2270603 
582441 
25167 
493247 
5897205 
5271626 
5637480 
1726893 
31221 
123396 
175965 
805278 
16447 
6542 
199217 
601537 
6758 
805288 
18576 
712999 
22677 
531629 
25241 
877886 
13668 
659511 
14604 
1037376 
11760 
974481 
22420 
1018016 
2188 
974533 
5786 
737254 
3644 
1061677 
20247 
819652 
6259 
819672 
18 
858638 
27197 
683803 
24290 
863455 
10572 
531649 
3398 
644827 
13888 
950140 
7938 
872852 
16636 
1066258 
906695 
27256 
727675 
21207 
901771 
1029 
930667 
1955 
1056798 
8422 
882710 
22431 
596681 
204082 
1080728 
27074 
1095129 
10573 
940407 
12719 
1032510 
23814 
877926 
187448 
529108 
70372 
3423760 
7635 
1016018 
4745386 
5614033 
5493950 
32410 
189321 
728506 
201776 
56053 
4863158 
519553 
3154521 
2368206 
174313 
969674 
205555 
807991 
199756 
14936 
1066257 
192622 
179412 
746780 
184313 
49264 
191115 
24418 
4451940 
5697858 
969254 
165475 
4185484 
182515 
194199 
5995182 
4481061 
6078838 
213892 
83584 
3546819 
2736143 
858437 
20589 
974189 
5864510 
5693121 
3521941 
121218 
92783 
5994919 
177391 
698411 
126722 
3079970 
2613196 
2220167 
999349 
113103 
2908899 
1041499 
4863094 
732154 
59481 
3768507 
127085 
4825510 
4038511 
3301604 
523658 
1129315 
634471 
902520 
178524 
2097400 
1628956 
2638071 
4013889 
659463 
35896 
2318333 
16856 
5999572 
618741 
5827318 
184026 
838985 
181040 
42553 
1112741 
19154 
5641996 
5845949 
5850606 
5669859 
642825 
1099825 
194426 
97184 
1702148 
29938 
5952754 
3816959 
166963 
528625 
211094 
5827376 
866191 
5873787 
3509 
4905476 
880558 
5707216 
211138 
717725 
18344 
916086 
147010 
3841469 
121201 
142616 
1680 
1073870 
5952723 
5906216 
5748995 
5730412 
5140527 
5864527 
133590 
176239 
1027598 
6907 
1801118 
131373 
125756 
152573 
167925 
5864437 
5976147 
493168 
5613810 
5735061 
5206119 
194677 
1001848 
703108 
27886 
528717 
212757 
16569 
938210 
5037095 
5915478 
2440639 
123469 
501512 
202939 
194414 
649869 
45814 
3694316 
3472905 
3448631 
1047035 
5968 
6022680 
822452 
6031970 
5776449 
3448166 
63764 
42609 
5375276 
5618427 
211157 
683810 
17858 
72453 
1115841 
208725 
1035442 
541925 
159651 
3744050 
1127642 
523887 
91735 
1126354 
1678288 
159052 
5342314 
53361 
1974692 
54448 
542903 
186480 
738451 
214558 
1016322 
179818 
842283 
209836 
201545 
205691 
885487 
179094 
819756 
65882 
4234966 
164606 
2588813 
37946 
3374729 
132338 
1751898 
206204 
766140 
1158 
2760521 
149193 
166475 
5655809 
5739908 
5422119 
5493051 
1020852 
785618 
213076 
1076573 
178600 
185185 
175292 
622515 
99739 
1802425 
33182 
1094420 
3031354 
3621125 
930329 
5032249 
3890947 
2982155 
3203479 
2220757 
186131 
829372 
205916 
56992 
2416219 
146930 
136972 
16073 
5901814 
5674657 
5252938 
5494662 
778701 
6046207 
5646613 
5869257 
195924 
182768 
187825 
184400 
140418 
2022717 
25575 
6064688 
5836691 
5604475 
5943281 
6041326 
1093226 
5187269 
189486 
529999 
32364 
3571223 
165447 
22982 
5159350 
5943574 
5795120 
5495640 
798333 
205854 
64794 
190914 
184129 
199302 
180883 
207591 
196429 
694166 
113589 
4363689 
521138 
900976 
3965089 
2490404 
2319022 
3572134 
2465739 
915880 
3547740 
3891200 
210875 
830801 
134086 
2958139 
595091 
719177 
174308 
1056666 
184232 
197712 
23551 
5674620 
4451944 
5785889 
5795029 
1069106 
5494048 
5981081 
5494049 
5864688 
6032130 
5809051 
210981 
197711 
124528 
2981412 
94957 
2907914 
63687 
89299 
48127 
189314 
197713 
863565 
213877 
76814 
2318475 
532423 
113358 
3350240 
145789 
3301135 
3522068 
645821 
116936 
4646116 
1022251 
3596938 
3989581 
1070775 
123642 
1752281 
5182391 
2245365 
2933439 
1131944 
1089736 
728221 
920222 
3719319 
3792873 
2884185 
926561 
205203 
106600 
3449157 
896186 
3744064 
858253 
1123774 
3104854 
4363138 
916092 
176089 
196200 
625612 
1363 
1113391 
51449 
2318350 
165542 
3006082 
51448 
111221 
120050 
493733 
5995174 
5990520 
5855468 
5495429 
6018289 
5103083 
184149 
192637 
182537 
185862 
190942 
528518 
182716 
35884 
4037885 
167154 
147006 
9438 
5637296 
5878468 
6027289 
4509137 
493218 
5679126 
192277 
1051800 
15910 
921787 
1114176 
59180 
5799643 
1093223 
177585 
209312 
706382 
204663 
985636 
708004 
115624 
3546705 
10227 
909493 
5224691 
5494707 
185907 
982502 
193083 
878585 
188851 
1066520 
194408 
909628 
208917 
162255 
3276740 
118733 
64609 
86861 
162256 
144519 
47707 
4750031 
2638441 
903090 
172126 
663512 
731381 
1046155 
1134075 
888614 
126297 
1135447 
62875 
591014 
827681 
205888 
199529 
197986 
527919 
201333 
3270 
5488598 
604283 
1112823 
80465 
5488597 
6031841 
4547009 
601631 
173989 
587454 
163607 
3645413 
163609 
3399249 
99196 
1702389 
113306 
2736013 
163608 
3743409 
149023 
3203059 
89146 
3104595 
3227647 
3718886 
2637650 
193937 
202380 
1083602 
163610 
2662223 
65825 
1116197 
2908130 
1554565 
175698 
809795 
2844 
5571774 
967427 
5594906 
1924300 
44882 
196201 
780696 
195948 
179332 
201986 
1018223 
198681 
1080768 
200843 
795726 
162397 
50179 
3890541 
3178550 
3276681 
1121292 
1061737 
36836 
2367625 
73532 
1117101 
2957159 
2294128 
882798 
67977 
1826021 
86925 
2465436 
33428 
207343 
989590 
193566 
63951 
731678 
4363460 
87786 
3277236 
4186398 
2294355 
610900 
113301 
957902 
198052 
655580 
141020 
1133623 
73209 
5332930 
130837 
2392744 
73568 
3104490 
3129434 
1120447 
959757 
1830 
1726886 
63705 
5906311 
4518503 
1049811 
195305 
606520 
188877 
44583 
1801313 
3890759 
3227551 
1801314 
1117884 
205018 
912211 
116325 
3080723 
4364268 
2319434 
902429 
134342 
3719706 
41086 
2072905 
159619 
523899 
4363437 
1022067 
2269845 
950402 
116513 
1117934 
2859113 
1998547 
858459 
116781 
3743127 
98279 
73702 
122345 
8583 
5492006 
5976296 
6022756 
5938705 
5966824 
754463 
181091 
935522 
40225 
2834280 
164895 
179133 
649893 
135740 
2170683 
652678 
197480 
708021 
174238 
140310 
3202773 
23003 
5850748 
5901860 
725504 
4886515 
106899 
189228 
174237 
187590 
182530 
533493 
137948 
1119591 
60038 
606584 
77838 
3645331 
190644 
769102 
208071 
206001 
196021 
196022 
542279 
186481 
912674 
61815 
3253419 
515529 
2614296 
813613 
1135360 
1678780 
205258 
214698 
1055141 
1098575 
193031 
1035811 
499113 
196481 
66683 
4617771 
620456 
3473267 
516752 
2220750 
1014138 
31939 
3301947 
1131630 
1728049 
5379984 
208383 
181614 
1106155 
95330 
3375844 
600680 
1084545 
862614 
774865 
2441917 
920164 
701989 
1065314 
189985 
207334 
1105018 
199016 
1071977 
47684 
2122000 
736434 
2908955 
1122125 
1051545 
5238845 
193395 
214949 
962778 
54672 
3964331 
713622 
173559 
34932 
712169 
1017653 
100631 
5135806 
2146601 
1851185 
940016 
2171073 
810678 
179747 
612630 
35194 
1605239 
3572497 
3621700 
1064596 
793996 
200245 
1079914 
4976151 
1123096 
85795 
3079981 
3129391 
3129259 
3202983 
145866 
3595925 
149165 
210975 
177648 
214252 
209366 
180970 
189308 
123471 
2785023 
69319 
9975 
638059 
5753586 
5855284 
5776534 
5581241 
5262369 
134760 
181083 
533010 
196924 
960559 
110476 
993499 
110475 
3375116 
2982566 
2072600 
872561 
3939889 
3080692 
1099198 
2662565 
4645997 
2171353 
750940 
2761161 
195648 
202399 
783676 
177317 
187406 
626396 
181453 
914496 
854928 
55160 
682941 
1137682 
1103803 
3400282 
953990 
628955 
129346 
853277 
3448874 
3694526 
3670652 
741196 
1129333 
3473309 
5464924 
1974439 
3989642 
635475 
103472 
2269432 
145700 
2465308 
108939 
927155 
76269 
687383 
3228769 
2270536 
929496 
606986 
149929 
1129140 
121282 
790217 
3399900 
50006 
4966604 
968806 
804852 
1122488 
2465782 
688675 
199644 
843803 
197966 
18035 
5781023 
5892259 
5683749 
5739706 
3521881 
168038 
6004108 
5641784 
4773667 
5952603 
5489120 
5845726 
5990183 
5762531 
5827229 
5822664 
5753415 
599456 
5762532 
834425 
76852 
4013520 
121033 
3129221 
198473 
582617 
212380 
854293 
173628 
175306 
740272 
919380 
796500 
110854 
3129644 
5041846 
3694550 
1131888 
3596765 
128672 
2564889 
522621 
516758 
3203316 
4186393 
1065947 
4363031 
83635 
2244585 
2563939 
2342896 
1115648 
1107746 
777125 
156967 
1137043 
2860023 
3891494 
896889 
189246 
2995 
3104330 
43691 
739962 
5957695 
207622 
199333 
1056872 
112216 
2416648 
71337 
2564044 
163770 
2318572 
2023117 
1900140 
182329 
596890 
52485 
3546822 
133432 
1973785 
51338 
626576 
33726 
780224 
3080515 
4787895 
175725 
735341 
935283 
126902 
4136013 
23055 
754517 
5794814 
5720937 
187851 
1018188 
33448 
3301166 
127790 
2834388 
130042 
2859085 
59077 
163828 
1069285 
854453 
144320 
1129960 
2539786 
716986 
4087381 
2294322 
4806663 
2146985 
983717 
960022 
57933 
3645333 
107863 
80248 
3841725 
123296 
780971 
142368 
2908114 
81276 
2342904 
73467 
1052042 
110071 
3178482 
135699 
4136059 
130014 
3129235 
35659 
1973937 
136834 
3472913 
163249 
4038144 
1117191 
205572 
204421 
761169 
905 
5794893 
642853 
4452669 
5641893 
3129018 
167169 
945889 
187927 
501484 
909801 
36044 
3842426 
3645897 
4994591 
755688 
3571741 
978584 
2121747 
2343327 
678661 
925109 
587463 
61314 
2662123 
606512 
212253 
175020 
645818 
109265 
3031478 
1604536 
3817598 
2490702 
5098307 
3891123 
3866725 
1130637 
1604338 
2047906 
3301655 
521198 
1126654 
157651 
5314427 
127446 
549169 
198290 
98411 
785207 
95133 
48310 
79393 
116910 
66598 
4366526 
1052848 
43209 
551442 
91076 
714006 
208274 
191575 
198267 
2122069 
4919634 
1801893 
183293 
55713 
3006217 
3571527 
2613202 
732363 
101507 
1112435 
9254 
6041444 
5697879 
773798 
5990360 
213904 
212456 
844055 
143561 
1875391 
145801 
2883940 
3030828 
1117183 
174082 
662498 
182291 
988793 
196061 
146995 
3153582 
21615 
5966810 
720646 
5794921 
189418 
752366 
107668 
1604330 
2859844 
1629282 
915813 
5323461 
586554 
175319 
858890 
213714 
808154 
81142 
3596287 
2514941 
1121019 
1121020 
1801617 
150146 
2465375 
102393 
3202868 
3399057 
1628810 
4111766 
1116840 
2883928 
528051 
202948 
542898 
141661 
949391 
5210686 
2638402 
582157 
2490696 
1998803 
519768 
1122785 
2908493 
984197 
180661 
60206 
1998535 
151233 
2932680 
1117813 
209054 
754607 
111361 
4160622 
15851 
5632494 
5947898 
5674382 
5790200 
5762537 
1008155 
211241 
203587 
201990 
1076060 
164265 
2785174 
64724 
2735893 
114412 
209835 
151729 
1002806 
3105488 
1137064 
852530 
1136721 
3154918 
828533 
1950269 
3867366 
2589906 
924663 
173563 
4186254 
1133811 
2884620 
1129001 
1056388 
1123751 
522491 
615402 
799864 
886628 
3105246 
5389214 
1070350 
2023195 
853547 
201098 
166327 
1825845 
4579 
530920 
7463 
529743 
19047 
746938 
1253 
810006 
6023 
529527 
19760 
930706 
20746 
882702 
21492 
950161 
26886 
877797 
5059 
737141 
6963 
770987 
22899 
984107 
12937 
582562 
26695 
1013169 
16201 
1080641 
21960 
679097 
3620 
805281 
27220 
834352 
992 
175861 
207495 
771034 
23796 
964709 
21001 
635385 
19279 
901737 
16420 
1042295 
15494 
906703 
7216 
790756 
189110 
3628 
930711 
16429 
925905 
24534 
1032563 
5770 
785784 
27237 
955077 
9864 
531685 
27047 
863364 
23364 
530074 
25023 
205853 
640063 
175925 
23406 
531647 
6507 
761330 
3122 
606396 
11296 
649764 
26737 
780741 
16641 
1080729 
18583 
703223 
19022 
940408 
5286 
819699 
24773 
587321 
19324 
531515 
7966 
529451 
21494 
882662 
18816 
531807 
26702 
950249 
13905 
717782 
19987 
887333 
5058 
194186 
1061671 
5528 
1013287 
13907 
531586 
20742 
1061577 
16922 
531662 
17602 
839147 
14353 
531618 
7476 
882701 
27255 
644832 
23612 
529711 
8187 
529871 
21471 
959936 
26480 
1076003 
27150 
746941 
17844 
688497 
10556 
805176 
24278 
877836 
26852 
1061678 
8891 
529574 
20478 
751672 
23639 
703209 
2212 
640148 
8174 
611165 
12921 
790753 
5525 
834348 
14798 
1099897 
24774 
863346 
19517 
1051827 
12275 
1032564 
19034 
877895 
1718 
940404 
4072 
669476 
17825 
531684 
9597 
756399 
6763 
531823 
15277 
615972 
2913 
843954 
21713 
1047154 
10095 
911512 
11023 
1032615 
8177 
630548 
7957 
805293 
5023 
659618 
27236 
916229 
26002 
1008483 
15052 
717707 
6720 
834341 
4572 
993807 
187868 
611290 
15042 
639963 
71553 
1113055 
121243 
2121117 
2097 
5868995 
5813456 
5489725 
493181 
204491 
5887623 
5632528 
4451804 
5590377 
5599668 
62637 
167829 
148142 
90516 
177900 
211213 
204490 
182801 
186191 
993892 
24538 
911431 
1993 
877689 
8307 
3350043 
51537 
744761 
4449951 
5896962 
5491097 
192846 
206107 
212813 
207857 
176145 
814659 
8367 
2956946 
51575 
894864 
5748911 
5576547 
184443 
209579 
39294 
211212 
179538 
192927 
858549 
16937 
199646 
1104913 
1239 
722524 
213155 
553159 
31627 
653698 
3473976 
509451 
1134090 
610192 
3940694 
1041084 
988009 
1136978 
1098939 
189802 
1090992 
178643 
72167 
1085086 
2662588 
3744230 
1752529 
1998858 
5417533 
145504 
132033 
61121 
63313 
1130282 
1089581 
662616 
847158 
1027835 
34607 
133466 
123324 
207438 
98129 
1116026 
115552 
3202968 
4235010 
1116027 
1702455 
2736151 
2392242 
91666 
3472682 
148162 
1875208 
90532 
149284 
99414 
152580 
101585 
1063 
5711713 
5757944 
5489088 
5915299 
5739703 
5966644 
5980813 
1107636 
5637163 
5489089 
5660280 
6004107 
5771638 
5892253 
6008740 
5641780 
4858406 
6036582 
5609073 
5985454 
5841286 
105997 
90531 
69387 
150361 
37039 
73771 
92822 
72636 
189659 
733146 
102149 
1826795 
121437 
1653640 
523682 
3473548 
86681 
3277518 
4551560 
1127297 
687712 
191938 
553286 
31619 
4211328 
3916168 
701966 
1137268 
2023951 
3695263 
514214 
873057 
108946 
2294082 
152305 
674021 
197989 
1099813 
184436 
204081 
532416 
206176 
904624 
164623 
3546708 
46774 
984273 
1119012 
1116430 
24645 
5337418 
2907903 
110314 
6008778 
5604434 
5947929 
764116 
64942 
2735732 
168258 
1579120 
30426 
5915274 
5790153 
5488530 
6055289 
986823 
5804082 
5919742 
5637126 
5488531 
5753382 
5744311 
5711689 
5855057 
5961873 
5488529 
5808756 
4650733 
73788 
46019 
32529 
86092 
168259 
131392 
201339 
200125 
742817 
40514 
1129806 
3350664 
519534 
4844349 
3179084 
2638247 
189699 
555800 
53007 
857388 
2270528 
3547974 
57114 
179563 
64928 
202953 
184476 
210747 
683932 
181471 
749835 
869382 
73132 
2023918 
4088054 
2884850 
4211445 
198724 
818399 
18236 
5490868 
5641868 
691754 
1083486 
5581164 
1924332 
109168 
620727 
176157 
207863 
209520 
498938 
206359 
977626 
742613 
193631 
147697 
4186281 
124171 
1122552 
4363678 
687746 
2589552 
1875960 
1075615 
139136 
1117134 
107939 
1899876 
176255 
179562 
184477 
649704 
205866 
175938 
11791 
210874 
179252 
27704 
911505 
3393 
756473 
4313 
529760 
2418 
974534 
3162 
1100011 
6757 
858647 
14114 
592053 
17393 
644818 
11045 
839137 
27192 
843967 
15038 
998692 
24972 
984005 
25982 
1051860 
22703 
809909 
9871 
969446 
11292 
814748 
23603 
529709 
17864 
1008421 
19505 
785685 
21497 
625708 
9194 
1032540 
12074 
1018114 
5037 
925937 
4061 
529567 
10320 
969479 
7943 
795607 
4573 
1109748 
16428 
959935 
9827 
1085412 
26808 
819700 
10329 
529738 
13671 
210889 
678991 
19044 
630550 
16913 
839144 
14790 
911504 
1739 
644920 
274 
529838 
202613 
2443 
531749 
12928 
964592 
3849 
858519 
23595 
911422 
6280 
737164 
194187 
9870 
872850 
4330 
751769 
26789 
688482 
15969 
940418 
12024 
1109754 
22902 
644872 
11747 
746826 
4318 
611287 
16907 
930707 
8677 
1085484 
27275 
654598 
21928 
1075923 
10588 
530811 
24043 
679024 
4807 
712939 
11021 
1071086 
15292 
911501 
19287 
998737 
24295 
693522 
10568 
935409 
27432 
529971 
3388 
1104906 
11769 
844015 
11766 
887381 
32 
1027742 
5505 
935382 
19045 
834260 
22197 
790645 
10809 
945203 
1729 
824443 
26809 
1037355 
13200 
1080734 
275 
722613 
9371 
529662 
7993 
722743 
2408 
795614 
3815 
1027678 
10312 
930668 
15752 
1076016 
12459 
770981 
26996 
998688 
7199 
606394 
18336 
601435 
3618 
1095121 
24974 
775829 
6018 
1075959 
7204 
775922 
10561 
708079 
17594 
858518 
26850 
979220 
14842 
1013182 
23143 
930648 
26801 
1037392 
24058 
858541 
2213 
1013295 
9155 
712991 
12049 
819707 
1011 
940410 
13162 
853697 
17383 
531683 
21940 
844031 
5019 
911506 
9595 
814736 
6277 
530812 
23147 
529956 
210880 
8702 
190918 
897009 
13868 
635373 
20744 
606404 
19250 
1080724 
8673 
872934 
21954 
596826 
5261 
863467 
12704 
964715 
22908 
751716 
27249 
984004 
1237 
1061635 
26851 
679082 
24096 
530217 
197604 
2930 
582566 
26479 
974535 
22918 
654724 
3823 
531741 
22421 
625680 
9592 
1051944 
23815 
858648 
9572 
1100033 
22648 
940414 
11522 
863465 
189456 
582376 
9298 
5491100 
949880 
5103045 
1801120 
167289 
5943318 
805198 
24575 
25458 
209190 
868253 
2924 
766178 
7455 
530777 
17840 
531691 
21481 
732409 
8168 
616091 
144598 
2244579 
36805 
3153836 
1095358 
182180 
135637 
3497449 
202263 
1110379 
126432 
4617532 
1027023 
4235604 
524303 
817861 
746890 
21939 
210684 
853849 
55689 
3669796 
42291 
935604 
205054 
815568 
121396 
712198 
1130052 
1032220 
4825559 
1702851 
86890 
3497387 
817680 
116588 
2981590 
2637711 
4210273 
209472 
35830 
211375 
933421 
5771892 
5074574 
5971618 
