2763 
9778 
13470 
17778 
18254 
21765 
31627 
34607 
42291 
48124 
55689 
61121 
63313 
71815 
72167 
72522 
86890 
88904 
89389 
90779 
91589 
98129 
110854 
115552 
118976 
121396 
123324 
128672 
132033 
133466 
143561 
145504 
145801 
151001 
163719 
165932 
173628 
174082 
175306 
178592 
178643 
179005 
183547 
189802 
193031 
199394 
199455 
205054 
207368 
207438 
208001 
210684 
210727 
210747 
210850 
210874 
210875 
210880 
210889 
210975 
210981 
211094 
211103 
211138 
211157 
211212 
211213 
211241 
211375 
211485 
212253 
212334 
212380 
212456 
212673 
212757 
212783 
212813 
213076 
213155 
213605 
213714 
213877 
213892 
213904 
214164 
214252 
214310 
214558 
214624 
214698 
214702 
214949 
498870 
499113 
509451 
516758 
522621 
542567 
553159 
590860 
591906 
610192 
611147 
647769 
653698 
657791 
662498 
662616 
677957 
712198 
740272 
754521 
762580 
796500 
808154 
808388 
815568 
817680 
844055 
847158 
853849 
854293 
857028 
857808 
885365 
904547 
919380 
930788 
935604 
945874 
959780 
988009 
1006385 
1006421 
1008064 
1008328 
1027637 
1027835 
1032220 
1035811 
1041084 
1051744 
1055141 
1065947 
1081994 
1085086 
1089581 
1090992 
1094813 
1098575 
1098939 
1112804 
1116026 
1116027 
1116531 
1117183 
1117198 
1122433 
1130052 
1130282 
1131888 
1134090 
1136978 
1702149 
1702455 
1702851 
1752529 
1851660 
1875391 
1925475 
1948939 
1998858 
2024016 
2097241 
2121341 
2319554 
2392242 
2564889 
2614294 
2637491 
2662588 
2736151 
2834647 
2883940 
3030828 
3129644 
3179094 
3202968 
3203316 
3473976 
3497387 
3546694 
3596765 
3669796 
3670457 
3694550 
3744230 
3916169 
3940694 
4186393 
4210084 
4235010 
4363031 
4584851 
4594345 
4825559 
4886722 
5041846 
5131161 
5182442 
5384756 
5417533 
5436454 
5490490 
5492906 
5493150 
5581357 
5637440 
5665217 
5697971 
5781101 
5818112 
5869233 
5869236 
5924768 
5943492 
