 2 29678 
 3 17039 
 4 10152 
 5 7748 
 6 7355 
 7 6897 
 8 4883 
 9 3650 
 10 2768 
 11 2113 
 12 1494 
 13 1127 
 14 951 
 15 748 
 16 656 
 17 530 
 18 457 
 19 384 
 20 312 
 21 261 
 22 233 
 23 193 
 24 187 
 25 127 
 26 129 
 27 114 
 28 102 
 29 94 
 30 82 
 31 54 
 32 53 
 33 51 
 34 44 
 35 43 
 36 37 
 37 39 
 38 36 
 39 28 
 40 27 
 41 23 
 42 27 
 43 25 
 44 24 
 45 17 
 46 19 
 47 16 
 48 18 
 49 15 
 50 14 
 51 13 
 52 9 
 53 7 
 54 11 
 55 14 
 56 7 
 57 10 
 58 7 
 59 7 
 60 5 
 61 8 
 62 9 
 63 6 
 64 5 
 65 7 
 66 10 
 67 8 
 68 4 
 69 2 
 70 6 
 71 4 
 72 4 
 73 2 
 74 1 
 75 4 
 76 2 
 77 5 
 78 5 
 79 2 
 80 3 
 81 1 
 82 2 
 83 2 
 84 2 
 85 3 
 86 1 
 87 5 
 88 1 
 90 1 
 91 1 
 92 3 
 93 2 
 95 1 
 96 5 
 97 1 
 99 1 
 102 1 
 104 1 
 105 1 
 106 1 
 107 1 
 108 2 
 109 1 
 110 2 
 111 2 
 115 2 
 119 1 
 121 3 
 122 1 
 123 1 
 125 1 
 126 1 
 127 1 
 128 2 
 129 2 
 130 1 
 136 2 
 139 1 
 142 2 
 144 1 
 148 1 
 150 2 
 151 1 
 153 2 
 154 1 
 160 2 
 163 1 
 165 2 
 166 1 
 167 1 
 169 1 
 172 2 
 173 1 
 177 1 
 189 1 
 195 1 
 199 1 
 204 1 
 223 1 
 255 1 
 260 1 
 283 1 
 285 1 
 297 1 
 339 1 
 378 1 
 478 1 
 613 1 
 617 1 
 722 1 
 1160 1 
 1640 1 
 3055 1 
