9  5490490  18254  754521  1051744  89389  3546694  4584851  5781101  5818112 
9  174082  844055  143561  3030828  145801  2883940  1875391  1117183  662498 
8  1006421  13470  1027637  199455  91589  1948939  5665217  5492906 
31  2763  5581357  5131161  5869233  4210084  165932  591906  199394  930788  207368  498870  178592  1081994  90779  2614294  2319554  677957  857028  945874  88904  2834647  1094813  5182442  2097241  3670457  179005  163719  2121341  1116531  1117198  885365 
3  208001  657791  808388 
11  712198  121396  4825559  1130052  1702851  1032220  815568  205054  935604  86890  3497387 
30  509451  31627  3940694  1041084  3473976  653698  1136978  1134090  1098939  988009  553159  189802  847158  1090992  63313  5417533  61121  72167  1089581  1130282  3744230  1085086  1998858  1752529  2662588  145504  132033  178643  662616  610192 
4  853849  42291  3669796  55689 
8  1008064  151001  3179094  1122433  542567  183547  857808  5436454 
10  17778  5384756  2637491  72522  959780  5869236  5637440  5924768  5697971  647769 
3  1098575  193031  1035811 
7  1112804  9778  4594345  611147  48124  5943492  904547 
14  2736151  115552  1116026  98129  2392242  1116027  1027835  123324  207438  133466  34607  1702455  3202968  4235010 
20  1065947  128672  2564889  3203316  516758  854293  175306  796500  110854  5041846  3596765  1131888  3129644  3694550  919380  740272  173628  522621  4363031  4186393 
7  4886722  21765  1008328  118976  1702149  5493150  1006385 
7  2024016  71815  1925475  1851660  590860  3916169  762580 
