28336 
5771892 
528984 
102533 
3153508 
35830 
198712 
621489 
197744 
132031 
1128094 
746474 
4362922 
3031166 
211375 
933421 
202982 
717870 
217312 
964823 
193487 
1100738 
170558 
1070645 
3055704 
3768713 
3105175 
5107731 
517677 
998351 
3154541 
516386 
215492 
141249 
2440871 
4087087 
177225 
657593 
83686 
1117715 
2711307 
1801318 
827495 
631168 
90041 
4363139 
741227 
2637971 
1128059 
863021 
190266 
178579 
1099836 
209472 
67045 
2145820 
4264 
4726742 
5855244 
1059569 
5749015 
6078610 
115692 
202388 
892227 
116588 
2637711 
2981590 
4210273 
182489 
616603 
104406 
4363260 
3130142 
542103 
189021 
620964 
199120 
112255 
1801440 
60241 
1554625 
33472 
3988851 
55789 
1604270 
164354 
2981710 
79157 
2220419 
164353 
3988966 
3522321 
3399152 
3129386 
2932731 
3350367 
4136204 
179071 
1073986 
182364 
213605 
210727 
193622 
80596 
1122776 
121912 
1128394 
159523 
3031216 
148796 
1129260 
68412 
3375456 
47740 
4928977 
32675 
3964704 
102766 
1017485 
524271 
794882 
755678 
785373 
780236 
799660 
852901 
522631 
3448693 
43355 
4087939 
3965159 
2245100 
3129769 
196328 
1066988 
118574 
3154455 
828700 
1051483 
1122014 
2613973 
2270206 
3080693 
5201208 
2785854 
683759 
58130 
1924310 
14469 
5869155 
5609292 
4136019 
9722 
654553 
119011 
196066 
880616 
5627909 
5618567 
4914861 
691757 
176357 
501491 
943147 
5572028 
113460 
1095358 
182180 
202263 
135637 
3497449 
1095818 
180237 
88898 
3743971 
122436 
4235452 
2687521 
2465658 
516879 
1125698 
4513709 
1065867 
737343 
54703 
3988904 
202395 
616091 
36805 
2244579 
144598 
3153836 
839247 
51311 
3153809 
57953 
2514704 
132261 
1579470 
147892 
82447 
177273 
205631 
783907 
771169 
193908 
877719 
190344 
960514 
114181 
1653909 
34331 
3719418 
978915 
4693161 
2441258 
2121693 
3179137 
1629337 
794816 
183037 
958525 
1033910 
55369 
619045 
185243 
214310 
223961 
899854 
187991 
532611 
175778 
152378 
2367432 
199453 
20820 
5641987 
725575 
1074340 
2465195 
80382 
520847 
5985674 
1083601 
56821 
2588754 
1677920 
224140 
614076 
1051800 
192277 
1066520 
208917 
878585 
216717 
220871 
655615 
122956 
1094855 
100658 
2416840 
3179267 
104373 
1052628 
208543 
190141 
841989 
553820 
118177 
1055739 
2589963 
1070195 
3031735 
747024 
39053 
2047477 
926763 
1580112 
4112250 
5483620 
2662816 
1017332 
3645753 
3522480 
881770 
727266 
3547147 
5398719 
1128701 
3056350 
4062969 
998840 
113280 
2392054 
2121314 
3939584 
791355 
137175 
818860 
4112295 
1122810 
4674097 
833888 
85102 
3228126 
73910 
3768400 
89550 
2810229 
150489 
896377 
55065 
964015 
65082 
518107 
79475 
3301547 
151587 
127046 
170331 
52862 
45012 
170535 
804790 
97265 
2884258 
98390 
2392530 
100536 
702732 
88328 
1099525 
114674 
3842201 
64977 
707568 
132587 
44921 
79376 
168781 
39358 
168782 
67141 
55999 
79375 
97266 
72662 
82780 
519924 
41683 
770322 
148291 
959200 
170537 
1007985 
170538 
1056204 
152717 
3547348 
36055 
4186168 
2392395 
107172 
87331 
114764 
120315 
95227 
63925 
103907 
170536 
34911 
99556 
141712 
117001 
775519 
75053 
1126644 
120355 
721830 
92987 
84019 
65139 
86264 
97413 
75052 
130439 
81771 
97412 
62830 
171100 
124823 
75054 
71737 
41713 
121429 
131568 
140617 
2933117 
1089930 
51680 
683238 
51681 
654257 
65035 
1826451 
127001 
2859536 
169539 
3178844 
73864 
848311 
169537 
169538 
98435 
141659 
97321 
58286 
74961 
88386 
65036 
55023 
142755 
109304 
1056408 
65118 
629714 
170903 
59456 
3080420 
45052 
3350782 
122561 
2465772 
146141 
2097196 
92974 
3301674 
123698 
2343355 
79493 
170902 
88452 
61724 
72796 
40583 
43989 
85133 
121419 
56114 
170904 
170901 
988563 
51713 
736827 
74994 
1003248 
42781 
586919 
34884 
944744 
68396 
620205 
120298 
518544 
129295 
910765 
107144 
992976 
119175 
1041789 
101688 
522299 
115879 
915727 
40543 
109339 
37163 
108257 
34883 
170158 
102743 
42850 
170980 
170979 
105061 
586862 
142793 
693140 
170176 
3547352 
170178 
1017533 
52857 
814223 
105012 
2589250 
43945 
862641 
50656 
2957576 
128143 
789975 
170177 
751096 
65070 
707514 
170174 
2196270 
91836 
170173 
877357 
96255 
31482 
170172 
152691 
132661 
113662 
170175 
141742 
55108 
114797 
134991 
130438 
117029 
137237 
128190 
84018 
171082 
94105 
40595 
86263 
741315 
108265 
722239 
170259 
2146620 
170257 
2121784 
98471 
1579778 
50612 
3228052 
134946 
964262 
170258 
521064 
55058 
3670259 
138328 
122529 
133755 
170256 
65075 
34894 
92933 
98472 
111488 
65076 
45548 
4881971 
2023624 
516892 
660152 
177019 
2367826 
2982392 
678296 
128151 
813925 
70653 
38313 
171078 
94064 
3448705 
134299 
544374 
183441 
76594 
4929045 
2835241 
2220959 
3301847 
1875850 
86262 
2490447 
71698 
524484 
70609 
101702 
170399 
170400 
47239 
61686 
87323 
97360 
112587 
39446 
141706 
55071 
85106 
109355 
61685 
40594 
171079 
55107 
973758 
116998 
3276999 
150501 
838263 
139478 
3768489 
97367 
702822 
116997 
170450 
3228108 
45027 
170448 
102783 
61697 
48387 
136107 
92946 
94068 
170447 
170449 
118100 
132678 
120311 
1099374 
101697 
516321 
125911 
629800 
43953 
1090037 
129305 
32661 
1125409 
171034 
2712002 
77242 
2220574 
50618 
2220586 
72747 
171032 
170325 
82868 
170326 
131562 
171031 
48415 
130402 
39488 
48375 
47235 
46137 
103896 
132669 
111494 
92984 
120348 
73956 
56124 
95255 
171033 
70648 
746384 
75020 
1017711 
81735 
891475 
170513 
1555090 
120313 
3719412 
97371 
930188 
143881 
934737 
50623 
712412 
170512 
1702841 
114762 
1555181 
72761 
3473442 
134960 
46153 
85114 
43966 
121393 
170511 
123677 
78372 
123706 
2121997 
2023529 
3326257 
1081458 
189754 
875959 
879112 
117089 
2982730 
1135583 
515161 
716757 
3130406 
209818 
761552 
77849 
3497384 
1116954 
2981749 
212148 
740448 
196824 
1677976 
4364287 
687727 
828797 
79431 
843471 
95169 
169718 
152664 
96234 
169717 
88395 
169720 
142766 
72716 
67200 
92908 
80548 
152665 
90629 
43919 
169719 
120278 
915521 
129297 
775517 
32649 
997885 
127082 
132713 
71681 
50607 
113721 
41663 
53958 
82921 
83967 
76113 
59421 
99535 
171146 
114804 
40599 
102747 
120299 
107149 
99589 
125905 
95260 
43947 
44999 
103944 
134941 
150481 
523693 
67290 
1924979 
150544 
673345 
38320 
1629075 
76177 
62836 
143921 
99593 
135003 
148330 
81774 
113723 
72818 
94116 
76178 
171221 
62837 
54021 
96317 
145031 
107212 
82931 
151639 
131574 
610873 
36085 
3743840 
42846 
750937 
39482 
4235401 
170953 
3743824 
51757 
39481 
34943 
72798 
138368 
38308 
90704 
145018 
77286 
48409 
33823 
36084 
59460 
105059 
170954 
31528 
111536 
133796 
60605 
170955 
804902 
81768 
678204 
75048 
85141 
73958 
57286 
3448756 
99581 
2564344 
171041 
2269932 
120349 
3252683 
70649 
3571823 
131563 
3006802 
31533 
120350 
147239 
51762 
107201 
86256 
115930 
66231 
95257 
138374 
94104 
60607 
121427 
78403 
54011 
73957 
42851 
40590 
90709 
171040 
692848 
55033 
707491 
98441 
2711867 
48334 
964164 
69490 
915872 
86173 
3645764 
68864 
1132500 
4806695 
3768973 
621782 
178360 
3179242 
2023290 
3645773 
138294 
673616 
169626 
1579828 
169627 
746454 
50570 
973907 
146066 
3178836 
129270 
136046 
67193 
169625 
104975 
47205 
99504 
46098 
1032198 
34826 
988366 
109267 
697530 
169016 
1727631 
72679 
2416975 
74925 
1124937 
149339 
2072763 
149340 
85023 
40478 
82842 
519522 
128181 
158808 
2614135 
2736603 
2884673 
5088736 
3203855 
611993 
223350 
193767 
498807 
924223 
720961 
941629 
67342 
2491016 
3498518 
581468 
785964 
81193 
3670031 
77836 
3817364 
1120147 
2932949 
1850735 
915142 
67155 
70541 
130334 
139398 
96310 
71615 
42714 
109268 
124704 
70542 
1027074 
119188 
658763 
134948 
775523 
170268 
634793 
42797 
518514 
82866 
75003 
123669 
170269 
3399672 
116982 
3817634 
59466 
2711979 
68402 
149418 
50613 
152699 
130394 
124774 
136100 
90657 
118090 
102790 
171035 
139513 
82911 
634802 
147110 
3252798 
125810 
1752484 
97264 
140484 
168750 
140486 
168748 
128070 
58235 
67139 
64974 
48291 
131425 
35962 
140485 
116887 
168749 
37083 
920407 
43897 
1061171 
35998 
755887 
43896 
760761 
169327 
3915642 
122480 
3768498 
38225 
53903 
146048 
94010 
47175 
169326 
33740 
111433 
74942 
95151 
113610 
51669 
169328 
978747 
64996 
4210923 
71618 
524416 
44935 
3301592 
69447 
1579821 
133810 
1125422 
53891 
663614 
143815 
736808 
63845 
73833 
1801820 
146027 
1875794 
124710 
3129639 
124709 
2318966 
129801 
2982567 
4363701 
3031557 
4186489 
752372 
213581 
218063 
840345 
148418 
513047 
3277729 
590842 
1580373 
775062 
3572500 
789469 
1137032 
861918 
730743 
208689 
2343671 
39494 
169061 
35981 
91727 
169060 
47162 
49407 
41600 
123711 
70660 
134996 
171167 
760772 
68414 
1041541 
72758 
687926 
112592 
3596610 
42821 
1727718 
121392 
1125700 
87329 
59436 
125924 
137205 
80599 
101708 
107170 
144984 
32677 
52877 
51735 
170489 
32676 
1109088 
52819 
515952 
74954 
2957566 
65030 
988516 
169454 
59374 
60536 
90616 
142746 
108213 
34847 
86165 
67181 
38236 
88380 
169453 
98431 
76071 
49437 
117474 
3473779 
931342 
184559 
764903 
500855 
4495010 
2417257 
2884607 
80649 
109405 
44007 
112629 
45073 
81775 
1037007 
38251 
600901 
79439 
37149 
107130 
48344 
152671 
56059 
47214 
50586 
106100 
169823 
136059 
169824 
129278 
97332 
119163 
149393 
104988 
1075341 
107114 
3080542 
169570 
3596498 
74962 
81684 
103841 
127004 
139428 
110410 
80542 
169569 
147162 
113626 
77189 
150450 
31454 
109306 
53920 
92897 
915525 
107167 
4014063 
1998981 
663997 
75018 
939797 
170463 
765640 
55072 
954261 
132679 
712249 
32674 
170465 
120312 
170464 
133770 
48388 
53975 
99554 
121390 
136110 
147204 
101706 
103905 
1653802 
1653769 
1126442 
3375255 
2957500 
517936 
97363 
746202 
170423 
2687344 
48384 
3006823 
77251 
2982025 
148284 
1012596 
142806 
2294468 
57249 
3817570 
103901 
65086 
41677 
114757 
81731 
36048 
118097 
79477 
58325 
32669 
61689 
746403 
168714 
44920 
121287 
31386 
89464 
115786 
112506 
131423 
48288 
38183 
2097105 
44919 
168713 
144884 
71597 
81621 
122443 
168712 
168715 
780309 
150452 
1007824 
152655 
2957464 
116945 
582059 
96231 
104974 
80543 
43915 
169603 
82838 
51686 
110412 
39400 
78316 
77193 
59385 
90624 
169604 
52830 
143830 
542094 
216874 
1065754 
1653898 
1678065 
2392780 
3572002 
3301501 
3129689 
1129447 
2638363 
939954 
53364 
4523310 
3497984 
2834681 
716999 
693092 
830086 
205208 
1130035 
867809 
110429 
2957971 
1130356 
4185945 
910780 
3743810 
4683586 
853043 
518484 
825207 
193561 
854459 
45472 
4364065 
63251 
2294452 
3080943 
3007012 
2368415 
1126187 
1777188 
94511 
191797 
737356 
124385 
2367473 
1727789 
1130731 
1875886 
5229470 
1037086 
47169 
1065528 
121309 
1094672 
152632 
658987 
32583 
68340 
111422 
118031 
169186 
51654 
71626 
147129 
125841 
83915 
169187 
78296 
169185 
102681 
41611 
36077 
79492 
867834 
40437 
3326240 
108151 
1123928 
106020 
3301467 
40438 
79354 
168371 
168374 
143779 
59309 
37058 
149302 
71582 
168373 
123567 
133653 
33682 
113552 
168372 
687841 
125906 
1065692 
38267 
1122626 
53960 
1900386 
149414 
91787 
58316 
99536 
67228 
59422 
101691 
32652 
143873 
109345 
77229 
77230 
170218 
112582 
170219 
1007740 
129306 
819114 
132670 
2564470 
65083 
2834829 
46138 
2908648 
45013 
2294442 
31492 
1125545 
148278 
38275 
119191 
110445 
97358 
133761 
90660 
52863 
105024 
45014 
91799 
170338 
1061183 
65009 
755891 
77172 
57174 
102686 
3203474 
41619 
2515229 
169242 
77171 
104946 
114691 
90604 
143826 
131451 
126982 
126983 
169243 
132614 
96203 
72685 
920564 
42664 
97244 
82763 
48263 
1133274 
2146462 
73793 
1133420 
95090 
138217 
61561 
168377 
113553 
86099 
79355 
114654 
54959 
39328 
72649 
54958 
44894 
872220 
120294 
59410 
1126305 
85089 
1122804 
106117 
31477 
99525 
151577 
116973 
129286 
57218 
37158 
39428 
81717 
94053 
170067 
52854 
170065 
170066 
712586 
108314 
1075127 
171097 
171098 
4063063 
82918 
3596471 
63970 
125959 
138382 
140616 
145025 
138383 
146151 
145026 
171096 
94106 
55109 
50658 
41712 
67279 
80636 
143913 
44000 
109394 
72811 
1056187 
120255 
169203 
114687 
108193 
100564 
66119 
35990 
70555 
79398 
37113 
77169 
141625 
140510 
113603 
1702858 
2884218 
1124304 
41613 
142732 
35991 
124716 
1075583 
112616 
882215 
79505 
2146549 
47279 
3080396 
81766 
983252 
106157 
1126903 
129342 
3719452 
123703 
2121822 
123702 
522874 
59465 
4038607 
145023 
171022 
80630 
36088 
108310 
34947 
139511 
79506 
73955 
143907 
901191 
90622 
3719577 
52828 
1875816 
32610 
1579849 
42747 
2884257 
63878 
115840 
133710 
63879 
169567 
86170 
69483 
169568 
147160 
91759 
79423 
61635 
103840 
120274 
877468 
145015 
1126593 
89589 
2146425 
149459 
673376 
87352 
3522477 
76163 
73950 
101730 
71724 
97404 
170922 
67267 
113707 
40584 
51754 
114790 
33821 
170921 
120338 
120337 
63960 
170923 
65121 
113706 
88874 
5220049 
72126 
825309 
201879 
1131655 
3105231 
998050 
121346 
66145 
36011 
4185980 
133715 
2637996 
42754 
3448765 
130358 
118058 
37137 
122492 
147166 
111452 
122491 
169632 
150453 
76082 
143844 
113629 
149383 
601083 
151487 
67121 
68302 
115778 
77131 
99441 
168525 
44910 
115777 
80478 
61567 
90562 
128056 
131411 
41572 
57138 
91693 
168526 
829088 
112622 
4210909 
54012 
809190 
138381 
39491 
171088 
2121753 
85142 
1126516 
138380 
2810207 
171087 
127078 
65137 
96312 
115932 
134993 
125958 
171089 
32710 
139515 
110489 
171090 
80635 
122568 
132712 
77295 
62829 
133804 
60609 
88461 
142837 
145024 
171091 
112621 
988555 
33841 
673354 
109398 
132715 
125962 
52922 
1126909 
101749 
2196215 
171172 
2023315 
41716 
107206 
79514 
49538 
147246 
171171 
134997 
102795 
89601 
143916 
94111 
52921 
111544 
843533 
81607 
144863 
34796 
133110 
5023075 
727229 
2023338 
840016 
168387 
38173 
49368 
53857 
150378 
115767 
122420 
38172 
59313 
129201 
50501 
66080 
104890 
91683 
144862 
1046473 
108255 
49474 
151579 
39433 
123664 
2343233 
107143 
3964885 
170117 
4087466 
170116 
2834867 
79455 
125897 
143867 
134936 
53953 
124764 
95195 
33784 
46123 
138318 
1104329 
168941 
35971 
2392523 
41594 
3497910 
77159 
71610 
91721 
73825 
91719 
91720 
100548 
121301 
41595 
168940 
126969 
168939 
147114 
168938 
133678 
133760 
147196 
127045 
148277 
87319 
43954 
84396 
4731491 
104316 
801405 
823839 
86224 
3646004 
132011 
2073048 
92314 
4976105 
145482 
791389 
664128 
39373 
2589503 
2687404 
867696 
2417052 
815529 
200228 
963914 
5351811 
692741 
2319028 
2097112 
187510 
1064765 
580977 
769300 
595077 
769306 
182889 
501884 
191348 
690239 
100791 
2860043 
745226 
619438 
206287 
1081973 
137262 
4161965 
2835426 
1900983 
1041427 
2933729 
1055822 
1105506 
223509 
1047017 
123540 
222799 
151460 
4037898 
7157 
764142 
6041245 
5609078 
6050640 
148159 
168875 
1041745 
4087835 
3890811 
721853 
4589429 
2982332 
2196397 
4235278 
218560 
176940 
925919 
16727 
1113517 
42461 
1603843 
66950 
1113516 
5749275 
715739 
5496507 
5878768 
195641 
785884 
41292 
4013761 
110072 
2957162 
103493 
177477 
866366 
1042915 
190703 
640230 
210283 
34564 
2981809 
163739 
4136208 
33442 
2564038 
3743471 
1114383 
2465531 
3203179 
2785202 
214345 
1056645 
209451 
179426 
216023 
117888 
1702230 
7396 
1035396 
5804309 
5688483 
5571974 
49269 
196958 
57246 
3399576 
103900 
1727524 
5191782 
615271 
2367882 
973814 
3915754 
1124006 
3695082 
2957801 
1007714 
843644 
3105186 
770367 
208674 
851687 
208003 
200888 
121101 
78070 
919043 
708004 
185907 
204663 
982502 
193083 
903090 
209312 
706382 
172126 
1134075 
731381 
663512 
1046155 
888614 
62875 
1135447 
126297 
591014 
985636 
827681 
115624 
3546705 
10227 
5494707 
909493 
5224691 
616057 
46930 
3890595 
594933 
727702 
45821 
2220298 
100315 
3620629 
834933 
220421 
545440 
191796 
68876 
4580182 
144971 
2171360 
170308 
852928 
65079 
848275 
1061104 
1075603 
707667 
3350756 
1104418 
3670633 
3768440 
523565 
517574 
4087552 
1678069 
3817817 
2957570 
2343215 
1555439 
954380 
209591 
955136 
102429 
118850 
2613236 
2220304 
211227 
775725 
224441 
116843 
1899678 
30294 
880556 
6013413 
6064636 
134830 
206189 
209592 
534481 
33338 
1949118 
112125 
1776752 
132163 
2760796 
107796 
2809828 
54586 
80122 
50147 
33339 
109997 
76750 
62324 
222785 
946497 
172467 
638991 
2515671 
984664 
100051 
5408181 
1727791 
1122991 
523959 
3842592 
759437 
496245 
85084 
1703043 
2392383 
5474115 
610583 
955123 
79174 
3153834 
202480 
710978 
909628 
194408 
528518 
182716 
196200 
916092 
134760 
123471 
2785023 
9975 
638059 
5776534 
5262369 
5753586 
5581241 
5855284 
69319 
206204 
529999 
32364 
3571223 
64794 
165447 
22982 
5159350 
5495640 
5943574 
5795120 
798333 
205854 
180883 
190914 
174308 
1069106 
23551 
5785889 
6032130 
1056666 
63687 
2907914 
89299 
2981412 
94957 
124528 
184232 
197712 
197711 
189314 
210981 
48127 
197713 
5674620 
5981081 
5494048 
4451944 
5494049 
5864688 
5795029 
5809051 
199302 
207591 
196429 
694166 
210875 
595091 
719177 
830801 
134086 
2958139 
223448 
113589 
3547740 
521138 
915880 
2465739 
3572134 
3965089 
2319022 
2490404 
3891200 
900976 
4363689 
184129 
819756 
201990 
542903 
173563 
53361 
1974692 
91735 
1133811 
159052 
5342314 
54448 
4186254 
2884620 
1678288 
1129001 
1056388 
523887 
159651 
1070350 
2023195 
3744050 
1127642 
3105246 
5389214 
541925 
208725 
1035442 
877926 
187448 
969674 
199756 
807991 
14936 
4185484 
165475 
1066257 
220814 
179412 
746780 
184313 
49264 
24418 
5697858 
969254 
4451940 
191115 
182515 
224112 
192622 
194199 
5995182 
4481061 
6078838 
205555 
213892 
216088 
858437 
121218 
3521941 
20589 
974189 
5693121 
5994919 
5864510 
92783 
177391 
659463 
35896 
2318333 
16856 
5827318 
5999572 
618741 
184026 
717725 
18344 
916086 
142616 
3841469 
147010 
133590 
1680 
5140527 
5748995 
5906216 
5952723 
5864527 
5730412 
1073870 
121201 
222690 
914683 
211345 
623981 
887983 
64973 
1132589 
4900693 
1133884 
3670459 
1122509 
848342 
516971 
717393 
3301665 
176239 
1027598 
6907 
493168 
5976147 
5613810 
5735061 
1801118 
131373 
125756 
167925 
152573 
5864437 
5206119 
194677 
501512 
528717 
123469 
2440639 
16569 
5037095 
938210 
5915478 
212757 
703108 
27886 
1001848 
217769 
202939 
194414 
838985 
42553 
1112741 
19154 
5669859 
5845949 
642825 
5641996 
5850606 
181040 
1047035 
42609 
3448166 
5968 
5375276 
5618427 
5776449 
6031970 
6022680 
822452 
63764 
211157 
683810 
17858 
649869 
45814 
3694316 
3448631 
3472905 
1099825 
194426 
97184 
1702148 
3509 
4905476 
5707216 
880558 
29938 
5827376 
528625 
166963 
3816959 
211094 
5952754 
5873787 
866191 
211138 
698411 
126722 
3079970 
2613196 
2220167 
999349 
113103 
4013889 
732154 
59481 
1129315 
127085 
3768507 
3301604 
902520 
178524 
216774 
634471 
4038511 
4825510 
523658 
2097400 
1041499 
2908899 
2638071 
1628956 
4863094 
529108 
70372 
3423760 
32410 
7635 
4745386 
5614033 
1016018 
5493950 
189321 
728506 
201776 
56053 
4863158 
3154521 
519553 
2368206 
174313 
83584 
2736143 
3546819 
72453 
1115841 
204082 
1095129 
10573 
940407 
12719 
853547 
201098 
166327 
1825845 
1080728 
27074 
596681 
4579 
207631 
529956 
210880 
8702 
220806 
190918 
620792 
26938 
839137 
27192 
877895 
1718 
882662 
18816 
615923 
189206 
4586 
1032536 
877838 
9143 
964709 
21001 
531630 
11303 
756535 
10305 
596709 
269 
1027744 
13886 
529654 
39 
1022854 
12920 
950210 
26784 
911404 
8411 
582566 
26479 
993807 
199646 
1104913 
1239 
649704 
205866 
175938 
11791 
722524 
150361 
1875208 
90532 
3472682 
105997 
99414 
73771 
1063 
5985454 
5489089 
1107636 
216277 
6008740 
5771638 
5660280 
5892253 
6036582 
5637163 
5641780 
6004107 
5609073 
5966644 
4858406 
5915299 
5739703 
5841286 
5757944 
5711713 
5980813 
5489088 
101585 
90531 
92822 
148162 
37039 
69387 
149284 
152580 
72636 
91666 
179562 
184477 
176255 
64928 
179563 
189659 
674021 
46019 
2735732 
73788 
1579120 
30426 
4650733 
5744311 
5804082 
986823 
5711689 
5753382 
5961873 
5808756 
5915274 
5637126 
5488531 
5855057 
6055289 
5919742 
5488530 
5790153 
5488529 
86092 
131392 
64942 
32529 
168259 
168258 
189699 
742817 
200125 
555800 
53007 
3547974 
2270528 
857388 
221637 
217272 
863603 
116504 
2318650 
136773 
1119006 
3964545 
1018161 
181941 
1004295 
74430 
993445 
4532770 
3105258 
1122421 
881852 
197011 
793652 
210736 
101376 
1116629 
52528 
3890520 
160275 
727936 
654775 
214009 
116632 
2146183 
48025 
2220110 
62448 
1924664 
85882 
998836 
76842 
3988906 
163300 
212297 
798432 
606444 
101375 
2957120 
164421 
82529 
533694 
77921 
3546865 
198616 
611890 
221796 
152742 
2097369 
515972 
2097420 
2785580 
4363869 
853230 
991879 
534235 
103427 
4136281 
835525 
75371 
687703 
4088041 
1137058 
795649 
185671 
115546 
2834226 
2686840 
2022775 
4234894 
176995 
1038039 
202296 
1096422 
105368 
1925611 
126003 
513438 
2417572 
3646455 
1703535 
219731 
179799 
198176 
849002 
162417 
119870 
3055393 
3325702 
1116761 
189775 
975230 
89431 
969178 
2490586 
3719325 
1801865 
3080563 
4731376 
1654031 
2294529 
1653922 
180121 
743241 
191497 
156828 
2393070 
3621835 
960658 
122490 
2981959 
785299 
519643 
4750046 
1949885 
78884 
2908489 
5004087 
523963 
1007685 
1629619 
1999048 
4112219 
3670428 
70977 
752921 
1678002 
3965002 
1102918 
964759 
223968 
117753 
3915213 
3448484 
825288 
195138 
220091 
67209 
4900708 
4136727 
1124942 
1703073 
790008 
3473303 
1125172 
1124943 
40514 
3179084 
4844349 
1129806 
2638247 
519534 
3350664 
219994 
201339 
197989 
1099813 
206176 
532416 
204081 
904624 
215673 
164623 
3546708 
46774 
984273 
223735 
1054733 
1119012 
1116430 
110314 
2907903 
24645 
5337418 
6008778 
5947929 
764116 
5604434 
184436 
221109 
837433 
1045369 
941606 
50675 
1703386 
4039272 
624883 
873057 
108946 
2294082 
152305 
733146 
102149 
3473548 
86681 
3277518 
121437 
523682 
1826795 
1127297 
4551560 
1653640 
687712 
191938 
553286 
31619 
3695263 
4211328 
2023951 
3916168 
1137268 
514214 
701966 
181471 
749835 
210747 
742613 
193631 
683932 
107939 
1899876 
139136 
1117134 
124171 
687746 
4363678 
147697 
1875960 
4186281 
2589552 
1075615 
1122552 
198724 
691754 
18236 
818399 
224545 
955780 
73243 
4731368 
122442 
2859932 
116353 
2319234 
3031461 
2023358 
522071 
522243 
517278 
765907 
1083486 
5581164 
620727 
207863 
176157 
109168 
1924332 
209520 
5490868 
5641868 
977626 
206359 
498938 
869382 
73132 
2884850 
4211445 
4088054 
2023918 
224458 
202953 
213155 
553159 
189802 
662616 
1090992 
178643 
61121 
5417533 
63313 
145504 
132033 
72167 
1130282 
1998858 
2662588 
1752529 
1089581 
3744230 
1085086 
847158 
31627 
988009 
610192 
653698 
1134090 
1136978 
1041084 
3473976 
509451 
1098939 
3940694 
1027835 
133466 
115552 
4235010 
98129 
1116027 
2736151 
3202968 
2392242 
1116026 
1702455 
123324 
34607 
207438 
184476 
222805 
57114 
210874 
27704 
179252 
187868 
639963 
90516 
221878 
542003 
210343 
737306 
41352 
2392119 
3350304 
1116952 
205290 
542028 
210340 
109875 
3473350 
5060564 
1850920 
2270340 
963897 
2146804 
809587 
837144 
76104 
3473613 
3940192 
150472 
2270217 
975100 
582122 
4627080 
838387 
40539 
921746 
4513729 
4235245 
99945 
5408338 
900429 
159011 
3498019 
604946 
201529 
507182 
207366 
495980 
179806 
877957 
163716 
3767995 
178046 
1025995 
98543 
2171690 
2565106 
755599 
4551567 
934683 
4749985 
4062900 
746849 
14849 
187566 
766099 
174525 
116837 
221118 
15131 
5159362 
5901547 
856546 
2318378 
115737 
5808826 
180687 
756312 
5602 
5660277 
914207 
3472753 
51593 
5660276 
174546 
190574 
925795 
195976 
596793 
12198 
5224846 
5776759 
1056437 
81402 
174325 
103662 
1112623 
5950 
899742 
2342779 
1875205 
5744575 
222582 
754636 
863551 
89129 
2834440 
2294090 
213897 
184245 
1090563 
71246 
118726 
3792580 
4087147 
1118079 
825163 
202420 
993946 
189258 
935600 
63501 
3423847 
2096925 
4136135 
182351 
790842 
163692 
96991 
130036 
3055421 
4111567 
1924483 
4038213 
1104788 
38001 
2195539 
12152 
5762859 
764227 
5065382 
212638 
185550 
207303 
177350 
113339 
3104499 
101369 
1677635 
121050 
65013 
3522491 
1752670 
2564673 
596193 
2294427 
586557 
4485607 
839087 
12717 
693660 
212221 
766149 
6158 
6046159 
5971636 
2195538 
124532 
1016080 
728265 
159057 
4683545 
2982330 
221799 
698181 
86048 
3718720 
1122 
3448155 
75915 
591877 
41484 
53770 
191129 
61500 
5688472 
6018099 
5910896 
6060129 
701016 
5901670 
6173 
1083462 
1088781 
5491094 
938515 
4449950 
198204 
843820 
199594 
206164 
179520 
186158 
133617 
1112725 
57095 
10666 
493193 
4632086 
5744402 
5641826 
184414 
199593 
174502 
1004301 
211987 
170343 
4947838 
2810015 
978552 
524301 
2589434 
663731 
3793337 
203169 
891958 
191177 
179462 
78189 
1112733 
6189 
5933901 
500081 
764988 
894852 
5337726 
196100 
187795 
177817 
1104726 
177872 
191240 
184415 
44856 
3374489 
29858 
6045947 
4452707 
962644 
184504 
999409 
40551 
1678432 
1122419 
644483 
4853675 
3400077 
591219 
697634 
798676 
1083917 
709327 
151970 
93024 
653723 
790566 
222782 
8259 
6013418 
4971615 
1875125 
121246 
967436 
5707117 
221123 
191272 
176233 
1047191 
220890 
712845 
145862 
3939315 
8736 
5494254 
5494255 
5836892 
5934081 
5590649 
967438 
5721182 
5460075 
6018233 
5841598 
50373 
124525 
180958 
210966 
839045 
184138 
897003 
195774 
27065 
220809 
101450 
1113687 
59169 
2858817 
5937 
5655964 
5911120 
5196364 
5827593 
5495597 
1059565 
5850753 
5581429 
5744690 
5846104 
141409 
61433 
35777 
195861 
184139 
194191 
967971 
174705 
830694 
218062 
844671 
213524 
170818 
5379849 
4136632 
3154238 
2515351 
2048090 
1099197 
4137025 
1061252 
3104882 
177257 
824675 
88018 
1899857 
94781 
2637602 
208179 
832561 
99670 
745658 
3842744 
192615 
207598 
215658 
532523 
51383 
3006548 
110150 
1628536 
2735821 
2858955 
179079 
194190 
187592 
531733 
5775 
1061561 
220824 
209578 
693344 
181206 
79325 
3792307 
191268 
993678 
4168 
5660328 
1104580 
167826 
2367254 
174524 
930717 
18578 
980497 
61747 
3253467 
595924 
3277556 
213141 
809804 
10142 
5919814 
493171 
3792289 
59286 
5641810 
5489754 
202931 
197946 
199621 
950254 
26950 
181204 
222775 
174521 
9985 
717464 
5990208 
14397 
1037394 
320 
205933 
200970 
219237 
201056 
217525 
62536 
210967 
220891 
25903 
525251 
179196 
529056 
30499 
5873900 
493235 
2686667 
118964 
181003 
708027 
25735 
770979 
3401 
1085351 
199536 
90487 
3350127 
20693 
5581179 
1059633 
5933907 
5149945 
5599736 
6022713 
5850506 
167237 
67055 
167238 
212806 
676978 
11903 
5495580 
877771 
165472 
2219970 
14024 
5869169 
1093196 
834197 
93863 
2711169 
220810 
187578 
5990530 
4849094 
184357 
1033502 
93976 
3497773 
1089881 
833527 
1008047 
98489 
877024 
142814 
1122719 
49501 
1027365 
32682 
101712 
37190 
67243 
96277 
3842009 
2220764 
5107630 
211133 
174449 
688669 
212397 
210718 
124420 
3129178 
1751989 
528349 
58177 
1114275 
28497 
5215383 
798349 
5490599 
5771720 
5919855 
800279 
202853 
98289 
3988702 
17030 
5196383 
493244 
6004230 
5590467 
62601 
717836 
27044 
1013219 
21981 
204205 
964591 
24304 
210894 
528901 
13496 
1112740 
166473 
856499 
6069426 
199449 
964504 
5858 
1114085 
62658 
5585697 
846795 
5707060 
5196400 
5725609 
189564 
212934 
209504 
206108 
177822 
785600 
875 
2096542 
151457 
5489267 
6036591 
493388 
4450427 
703794 
109885 
2933291 
1604325 
111881 
2736276 
4778304 
743098 
181523 
864521 
184765 
799635 
3399517 
2540100 
5060513 
795205 
220278 
646240 
38331 
1753025 
1136310 
1999382 
624881 
189766 
1062357 
132690 
872143 
615620 
3129580 
5088690 
1129925 
182562 
529334 
175973 
194008 
532684 
212401 
628548 
941005 
159478 
3252662 
702700 
2417365 
4211060 
3154598 
4844210 
2711969 
3031607 
852839 
3817433 
1124386 
906270 
193617 
126708 
1603987 
3546804 
657 
5679330 
5655917 
836979 
2121123 
36903 
5665350 
213928 
778860 
204262 
1027875 
204002 
723294 
202065 
206977 
943609 
890352 
159447 
3080371 
2343296 
2564637 
4494969 
746089 
707713 
75737 
1998743 
2121355 
1924801 
220574 
1090465 
142457 
3374681 
99239 
204741 
945262 
3835 
708201 
164058 
3325637 
3743423 
3448354 
1924505 
220610 
187402 
1003799 
190711 
620793 
58076 
1948880 
42482 
165540 
90385 
93805 
165541 
39173 
116701 
23900 
5614125 
5586097 
5495430 
6009112 
493062 
223973 
664561 
215666 
214014 
212424 
495733 
44694 
3055361 
80273 
3546821 
3596198 
4449800 
5855469 
5873998 
5586096 
6032201 
5674692 
5495431 
5744558 
4449801 
5604758 
5637495 
5614126 
53688 
132394 
90386 
215847 
197635 
187596 
210906 
950055 
211204 
182909 
778764 
7547 
5808832 
1554432 
50470 
5906120 
4449798 
5753452 
1061727 
68051 
3767994 
219483 
57978 
1119616 
146830 
1117222 
2440859 
204018 
182330 
808068 
175722 
206182 
888764 
214483 
703017 
201304 
866632 
817977 
1081993 
107285 
3130171 
1041119 
1901019 
1138498 
179559 
168006 
3104300 
4993 
875645 
176345 
950875 
65583 
4957257 
81080 
3154448 
54001 
517093 
3277027 
1130428 
1128922 
3547786 
800046 
38271 
581813 
2982143 
864149 
213477 
702465 
1084799 
2614109 
4038543 
3473419 
2392635 
1132037 
3277501 
2761085 
1125042 
2810101 
687720 
4910056 
1123448 
3031253 
639624 
3350890 
2441336 
1949558 
2097354 
2835001 
1123614 
3473711 
804869 
839217 
98084 
1117053 
3153844 
2294166 
3866221 
2195835 
200743 
590176 
208030 
6013402 
5604396 
2834106 
71563 
126920 
6078483 
4698108 
5994851 
222798 
207944 
877959 
217558 
834206 
217559 
10435 
3693928 
166192 
39204 
5845992 
914144 
5493726 
5697930 
5790428 
41312 
3988873 
1875321 
122792 
1950294 
3351273 
751766 
7939 
703018 
29631 
6036592 
754479 
5943203 
2785029 
123539 
756330 
206920 
616617 
215168 
991896 
211278 
173581 
86686 
5257506 
3006618 
2417047 
524909 
189051 
532414 
90335 
2858958 
3399369 
3988885 
3227741 
210262 
167290 
1112697 
23049 
501774 
5491095 
6022703 
5093527 
1040497 
1006384 
194427 
529618 
204229 
217455 
42480 
1112488 
22973 
5651301 
5892582 
5827589 
1011187 
199138 
904676 
187439 
532490 
178165 
880665 
207635 
689829 
156912 
2958176 
2122383 
3548029 
180691 
845249 
78741 
101828 
2491019 
123985 
1851552 
98764 
1135530 
3277569 
555129 
1703466 
3867402 
156971 
670615 
3375671 
155809 
3597251 
150697 
2909263 
57392 
714654 
3547848 
146278 
651523 
3473908 
58580 
1136444 
64314 
593218 
1728284 
94421 
1101219 
54326 
214716 
3720080 
60895 
820999 
58547 
806745 
556849 
127168 
934355 
862552 
1036390 
794525 
509886 
850251 
155030 
992861 
51997 
1106353 
45181 
764944 
614698 
114929 
1777728 
1135531 
4161927 
946603 
4112717 
3769059 
1654421 
2122439 
2343970 
3523217 
920022 
512852 
4186707 
4235983 
726584 
508982 
2958096 
3965535 
4137256 
3351367 
510519 
3572342 
4063675 
2638778 
4211512 
3769057 
1136157 
3179427 
2982777 
1851722 
1134268 
534405 
93594 
1899872 
114296 
1924517 
70153 
2269596 
824622 
204038 
81337 
1628594 
79146 
2834282 
1850541 
217230 
948221 
766451 
209064 
599648 
1081337 
183560 
101079 
2810070 
2810426 
920595 
4731251 
974055 
3890985 
3056104 
2761121 
1123435 
2023577 
4112354 
3940139 
222267 
829577 
177328 
1088448 
192416 
853781 
131154 
1875500 
131155 
2318512 
163934 
4234953 
85859 
139106 
32283 
206281 
1011481 
997049 
223514 
38950 
2981795 
2981783 
1119239 
906574 
224134 
182549 
184167 
179288 
165604 
2195540 
10475 
5495247 
5604748 
5873989 
702851 
224136 
165605 
208081 
769341 
212971 
936236 
53879 
1604960 
83346 
4872681 
1777495 
2761338 
2441580 
639777 
2416950 
601041 
517588 
1107605 
938730 
502906 
208683 
909755 
742641 
146605 
5088677 
149918 
2810422 
43337 
1128395 
96765 
858197 
1677999 
1974259 
517015 
223513 
203639 
499890 
762210 
200056 
175000 
118056 
1012631 
2687598 
1132492 
1555084 
4476362 
1628975 
3252674 
4161587 
219234 
988830 
165963 
1114220 
65947 
104755 
50370 
177640 
23940 
5494291 
5469688 
5897151 
949884 
209356 
5586028 
5795045 
217522 
212666 
713043 
98125 
4136214 
1924495 
883603 
169643 
5013500 
785130 
910953 
2663013 
3031187 
3522567 
224135 
219181 
93809 
665094 
180741 
674293 
121073 
2318480 
51395 
1119588 
1120641 
1117275 
78353 
2834767 
886703 
4235408 
1604877 
1851388 
1126284 
939951 
104415 
3080851 
62207 
2023780 
82230 
5041668 
100042 
1023496 
97847 
194614 
1097993 
198744 
940992 
131536 
3793279 
2490368 
2073029 
1678386 
900989 
944639 
2171053 
591268 
4721727 
1032147 
2712117 
206970 
110914 
1017295 
1122197 
1752238 
2023279 
1974631 
2540319 
3203503 
2687362 
4835030 
707512 
2564382 
839221 
89155 
1653361 
54505 
601913 
66921 
616067 
179072 
1061826 
161780 
2514682 
51231 
31014 
120943 
112260 
2539344 
39119 
1825974 
164499 
1727391 
2637866 
2957104 
875825 
756570 
73543 
1604039 
75783 
2342950 
68046 
70282 
110154 
142456 
144629 
200807 
919015 
732555 
175791 
145787 
2735897 
3767900 
2686783 
5712044 
5887954 
5495498 
5441299 
5495495 
5590725 
5670006 
6036972 
5495496 
5581421 
165514 
59174 
50343 
150239 
60317 
132390 
175943 
219157 
207607 
194208 
197632 
217454 
195872 
195873 
224115 
192927 
2097 
5489725 
2121117 
62637 
1113055 
167829 
148142 
121243 
71553 
493181 
204491 
5590377 
5813456 
5599668 
5887623 
5632528 
5868995 
4451804 
219485 
204490 
211213 
219486 
179538 
39294 
209579 
211212 
182801 
186191 
877689 
207857 
176145 
206107 
51537 
3350043 
8307 
5491097 
5896962 
4449951 
744761 
192846 
212813 
911431 
1993 
814659 
51575 
2956946 
8367 
894864 
5748911 
5576547 
184443 
221117 
993892 
24538 
177900 
858549 
16937 
611290 
15042 
935485 
4828 
761330 
3122 
531586 
20742 
582562 
26695 
1095121 
24974 
756434 
7710 
688497 
10556 
531629 
25241 
531685 
27047 
1099918 
2424 
1061555 
17592 
906695 
27256 
1100024 
21226 
712939 
11021 
1027742 
5505 
679040 
6724 
892144 
3630 
630550 
16913 
529711 
8187 
805183 
26846 
1085552 
21203 
1056799 
20479 
810006 
6023 
530811 
24043 
863467 
12704 
1037355 
13200 
693522 
10568 
1095135 
3145 
940408 
5286 
1037376 
11760 
1042295 
15494 
529451 
21494 
984044 
2454 
722743 
2408 
727675 
21207 
863465 
25458 
209190 
189456 
805198 
24575 
582376 
219407 
9298 
5943318 
949880 
5103045 
5491100 
1801120 
167289 
1109754 
22902 
935382 
19045 
530916 
3832 
1071086 
15292 
770987 
22899 
531515 
7966 
531683 
21940 
1061671 
5528 
993883 
525 
708135 
10577 
664505 
8902 
897009 
13868 
606272 
13895 
1013295 
9155 
950249 
13905 
529760 
2418 
940402 
24055 
582557 
8421 
844015 
11766 
1032567 
8413 
805281 
27220 
606396 
11296 
1075895 
204215 
10604 
194189 
214164 
795614 
3815 
887381 
32 
1061635 
26851 
935409 
27432 
746943 
23131 
785685 
21497 
988857 
26849 
911501 
19287 
530225 
6992 
897004 
17599 
674127 
5793 
858647 
14114 
529655 
6245 
640145 
6258 
940414 
11522 
1056807 
15727 
616022 
5031 
1100033 
22648 
921020 
13906 
959936 
26480 
698364 
22661 
834356 
24017 
858518 
26850 
974534 
3162 
592053 
17393 
530154 
27367 
1071159 
6719 
1109655 
9610 
906584 
14361 
925847 
27003 
644827 
13888 
1003677 
180855 
6251 
868253 
2924 
746944 
11742 
770981 
26996 
771034 
23796 
1080722 
27257 
659511 
14604 
834349 
13666 
911512 
11023 
625708 
9194 
930707 
8677 
703219 
217350 
174128 
22665 
839144 
14790 
756530 
285 
209191 
529574 
20478 
737257 
27048 
766178 
7455 
795486 
16425 
611247 
26734 
930716 
14370 
863455 
10572 
805288 
18576 
1066368 
2442 
872937 
27221 
717782 
19987 
1032564 
19034 
531679 
189111 
27057 
805293 
5023 
1051944 
23815 
644818 
11045 
717707 
6720 
529955 
189211 
219622 
498565 
204635 
793963 
950976 
80641 
876939 
5060602 
2490369 
1104503 
2810051 
605879 
1128135 
3055999 
188463 
11076 
751716 
27249 
1037392 
24058 
1100011 
6757 
1051860 
22703 
529973 
4332 
858632 
22696 
529838 
2443 
202613 
858541 
2213 
703209 
2212 
858648 
9572 
1047154 
10095 
529743 
19047 
916188 
51 
529527 
19760 
531727 
13392 
198455 
591907 
211485 
591906 
165932 
4210084 
2763 
5581357 
5869233 
5131161 
885365 
199394 
930788 
178592 
498870 
207368 
1081994 
90779 
677957 
2614294 
2319554 
857028 
945874 
88904 
5182442 
2097241 
2834647 
1094813 
3670457 
163719 
1117198 
1116531 
2121341 
179005 
1008328 
118976 
1702149 
21765 
4886722 
5493150 
1006385 
542567 
214702 
762580 
71815 
2024016 
1851660 
1925475 
590860 
3916169 
808388 
208001 
657791 
183547 
151001 
3179094 
1122433 
1008064 
857808 
5436454 
611147 
9778 
1112804 
48124 
4594345 
5943492 
904547 
212673 
1051744 
89389 
3546694 
18254 
5818112 
5490490 
4584851 
754521 
5781101 
959780 
17778 
5924768 
5869236 
5384756 
5697971 
5637440 
2637491 
72522 
647769 
1027637 
13470 
1948939 
91589 
5492906 
5665217 
1006421 
217601 
199455 
215906 
97106 
2489785 
14061 
5702612 
4185421 
18523 
5495786 
761283 
144690 
5651313 
822474 
5206171 
710820 
5739969 
6018238 
189297 
175996 
651088 
115103 
3597034 
1104000 
3081126 
2441995 
545737 
224995 
596635 
84931 
3276485 
87116 
149227 
24481 
5813565 
5855240 
5952737 
5822807 
5721025 
5491595 
4451445 
5808918 
5827364 
6060109 
6046023 
5604532 
861461 
5873777 
5491593 
5850534 
91618 
78177 
60396 
167058 
207836 
197837 
211107 
189435 
216056 
174422 
192824 
196076 
216055 
221021 
214370 
766129 
18677 
5776540 
6022773 
2637426 
32454 
4943359 
1088283 
204378 
196045 
209442 
877836 
26852 
974535 
22918 
644920 
274 
892142 
27191 
751672 
224101 
23639 
872850 
4330 
529870 
6727 
611287 
16907 
805176 
24278 
790756 
189110 
3628 
872852 
16636 
955077 
9864 
683803 
24290 
712911 
16664 
790715 
4799 
814748 
23603 
868139 
23607 
916229 
26002 
644832 
23612 
984107 
12937 
737254 
3644 
930721 
16629 
530917 
10797 
654716 
19284 
746826 
4318 
751678 
786 
1061678 
8891 
858519 
23595 
819699 
24773 
669476 
17825 
531649 
3398 
582499 
22168 
1099897 
24774 
529857 
23802 
531779 
785784 
27237 
531618 
7476 
530777 
17840 
531749 
12928 
654724 
3823 
930667 
1955 
877797 
5059 
531741 
22421 
1076003 
27150 
644917 
7696 
531752 
13667 
596690 
6010 
688482 
15969 
775829 
6018 
1075959 
7204 
1022911 
985 
969446 
11292 
1032615 
8177 
964592 
3849 
587321 
19324 
998688 
7199 
814736 
6277 
654598 
21928 
1080729 
18583 
1080724 
8673 
1066258 
530074 
205853 
640063 
175925 
23406 
25023 
950140 
7938 
1056797 
16648 
858638 
27197 
679020 
24268 
761241 
23613 
901737 
16420 
930648 
26801 
712999 
22677 
1061577 
16922 
601537 
6758 
737164 
194187 
9870 
712991 
12049 
771073 
16902 
906608 
24779 
215823 
1080641 
21960 
1109748 
16428 
998692 
24972 
530782 
21929 
531807 
26702 
722734 
14373 
1018016 
2188 
896957 
10552 
790753 
5525 
531456 
174465 
805278 
16447 
853510 
41515 
1850344 
18214 
838808 
5660397 
6036689 
6045975 
4905322 
5613871 
5490913 
6064708 
5660398 
5976232 
730330 
143721 
53791 
93902 
189805 
622133 
113736 
3498395 
2270603 
1026924 
582441 
31221 
1726893 
123396 
25167 
493247 
5897205 
5271626 
5637480 
175965 
215821 
620940 
144646 
2687172 
2146016 
182400 
959832 
8582 
5799667 
6009128 
494118 
5495634 
5957712 
4111452 
165450 
152440 
213449 
528880 
101503 
1112709 
18229 
5822889 
817574 
5938759 
5623205 
5725823 
4848805 
5906310 
5697888 
5632709 
6041455 
5492960 
5665220 
5492961 
5595144 
5581287 
5841512 
191085 
215975 
532912 
123288 
4111586 
173476 
544613 
216709 
101669 
867897 
653845 
3473781 
3915478 
2121820 
2047832 
1133666 
1065678 
1999142 
5483614 
3621357 
1900589 
4112024 
1127505 
2343494 
223366 
640322 
197615 
179125 
532882 
141339 
3669855 
1998542 
4234925 
851724 
618861 
6542 
199217 
1080734 
275 
531823 
15277 
1047201 
21518 
606394 
18336 
1022904 
11298 
834341 
4572 
659618 
27236 
679097 
3620 
606404 
19250 
1061677 
20247 
674115 
2419 
531691 
21481 
775807 
506 
529662 
7993 
746820 
8932 
950161 
26886 
887333 
194186 
5058 
727667 
20738 
810015 
5762 
708079 
17594 
678991 
19044 
819700 
10329 
746941 
17844 
892140 
8181 
974533 
5786 
530783 
19274 
790645 
10809 
940410 
13162 
615906 
22173 
640147 
27045 
1047125 
5302 
1056795 
19777 
780848 
6502 
529871 
21471 
530812 
23147 
737141 
6963 
795607 
4573 
959935 
9827 
887330 
4057 
1008421 
19505 
974481 
22420 
1013182 
23143 
722727 
10330 
635385 
19279 
751761 
1484 
1022899 
13902 
863346 
19517 
587279 
780741 
16641 
649695 
2921 
1013169 
16201 
906703 
7216 
1075923 
10588 
882701 
27255 
620856 
649764 
26737 
882710 
22431 
771068 
12712 
635373 
20744 
1076016 
12459 
935500 
21692 
531662 
17602 
848879 
27046 
872934 
21954 
606400 
14587 
839065 
23169 
863364 
23364 
887421 
16206 
530920 
7463 
1104864 
6722 
679024 
4807 
756473 
4313 
930668 
15752 
839147 
14353 
611165 
12921 
834348 
14798 
911506 
9595 
746843 
25258 
770986 
25454 
529738 
210889 
13671 
1051827 
12275 
844031 
5019 
877886 
13668 
882702 
21492 
795487 
25712 
901771 
1029 
529709 
17864 
592050 
2438 
1056798 
8422 
751769 
26789 
669420 
22697 
911422 
6280 
640148 
8174 
529567 
10320 
809909 
9871 
630548 
7957 
1104906 
11769 
984005 
25982 
1066327 
19273 
756399 
6763 
1032563 
5770 
863353 
27089 
679082 
24096 
834260 
22197 
930711 
16429 
698272 
82 
596826 
5261 
732409 
8168 
979220 
14842 
592049 
2691 
824443 
26809 
984004 
1237 
819672 
18 
530921 
26928 
210850 
1085484 
27275 
930706 
20746 
659518 
17841 
174239 
1085495 
26929 
964715 
22908 
775922 
10561 
819652 
6259 
531647 
6507 
925937 
4061 
635336 
19036 
1027678 
10312 
785666 
12926 
530217 
2930 
197604 
669337 
26806 
529971 
3388 
834352 
175861 
992 
207495 
766188 
26918 
925905 
24534 
732451 
1954 
998737 
24295 
940418 
12024 
615972 
2913 
611286 
15054 
1018114 
5037 
625680 
9592 
853697 
17383 
703223 
19022 
530781 
7925 
843954 
21713 
969479 
7943 
669472 
26760 
1008483 
15052 
911505 
3393 
531684 
9597 
945203 
1729 
940404 
4072 
911504 
1739 
746938 
1253 
587385 
10321 
843967 
15038 
1085412 
26808 
722613 
9371 
1032540 
12074 
644872 
11747 
819707 
1011 
1013287 
13907 
601435 
3618 
1032510 
23814 
1123751 
1126354 
886628 
615402 
799864 
522491 
203587 
885487 
215671 
738451 
214558 
1016322 
179818 
842283 
186480 
209836 
151729 
828533 
1137064 
1002806 
1136721 
3154918 
924663 
3105488 
2589906 
3867366 
852530 
1950269 
209835 
201545 
205691 
1076060 
114412 
2735893 
64724 
2785174 
164265 
179094 
37946 
3374729 
164606 
2588813 
65882 
4234966 
132338 
1751898 
926561 
106600 
896186 
3104854 
3744064 
858253 
1123774 
4363138 
3449157 
205203 
766140 
149193 
2760521 
166475 
1158 
5739908 
5422119 
5655809 
1020852 
5493051 
645821 
116936 
1022251 
3596938 
3989581 
4646116 
1070775 
123642 
1752281 
920222 
1131944 
2884185 
2245365 
3792873 
3719319 
2933439 
728221 
1089736 
5182391 
785618 
213076 
622515 
175292 
1076573 
33182 
3031354 
3890947 
3621125 
1094420 
3203479 
930329 
2220757 
5032249 
2982155 
185185 
178600 
99739 
1802425 
182768 
829372 
146930 
2416219 
136972 
16073 
5674657 
5494662 
5646613 
778701 
5869257 
5252938 
6046207 
5901814 
56992 
195924 
205916 
186131 
140418 
2022717 
25575 
6064688 
5836691 
5604475 
5187269 
5943281 
1093226 
6041326 
187825 
189486 
184400 
221069 
533010 
215766 
989038 
215150 
599602 
222919 
960559 
202399 
783676 
177317 
196924 
110475 
2982566 
110476 
2662565 
2171353 
3375116 
2761161 
3939889 
872561 
750940 
993499 
1099198 
2072600 
3080692 
4645997 
195648 
911485 
222424 
85921 
178039 
702849 
29688 
5924882 
5008855 
5623398 
5684152 
5999892 
5818450 
139170 
84800 
89242 
190857 
205798 
948610 
542904 
87334 
4504440 
1129147 
770631 
111970 
877025 
660194 
206916 
1949851 
1555331 
4363810 
2662812 
2884155 
517637 
525061 
71638 
4835125 
2441246 
746295 
3449067 
762116 
200139 
173406 
3965083 
3989222 
211901 
553323 
191509 
858718 
152344 
2686935 
81326 
59074 
192401 
185608 
842003 
187378 
213947 
205621 
192402 
179826 
42950 
3351471 
1135468 
2835428 
1041097 
657849 
176329 
730663 
501611 
198225 
1077168 
57621 
2048585 
542022 
184576 
856857 
982571 
216879 
38199 
4363215 
809461 
3351052 
678221 
3105184 
4038812 
877412 
3547256 
1080197 
178637 
222423 
177500 
1033817 
209856 
191350 
1035748 
1001901 
180261 
616608 
142787 
993006 
2416953 
4038541 
2761418 
765678 
1629010 
610851 
3203921 
4947855 
518692 
790040 
219761 
123787 
1079596 
3056517 
745882 
716610 
2982661 
2368463 
4039314 
1046283 
195807 
192564 
205797 
95984 
205799 
177499 
103601 
60253 
2047492 
149073 
2490011 
3718969 
1604048 
102393 
3399057 
150146 
1628810 
2465375 
3202868 
1116840 
4111766 
2883928 
187406 
1052042 
221812 
587463 
61314 
2662123 
204421 
732363 
9254 
5697879 
5990360 
6041444 
1112435 
101507 
773798 
215989 
945889 
36044 
678661 
2121747 
3645897 
4994591 
978584 
3571741 
755688 
925109 
3842426 
2343327 
187927 
501484 
909801 
606512 
55713 
3571527 
3006217 
2613202 
175020 
645818 
183293 
109265 
1130637 
2490702 
3866725 
3031478 
3891123 
521198 
1126654 
66598 
4366526 
1052848 
98411 
785207 
48310 
116910 
79393 
95133 
91076 
4919634 
714006 
198267 
208274 
191575 
1801893 
2122069 
43209 
551442 
157651 
5314427 
127446 
549169 
198290 
3301655 
2047906 
1604536 
3817598 
5098307 
1604338 
212253 
761169 
218552 
940574 
96875 
1554756 
37789 
3227473 
71204 
1117292 
119821 
2834362 
3964655 
2613215 
2785250 
218965 
883306 
124149 
523709 
581714 
1022497 
152101 
1122441 
1095793 
159282 
2810331 
4504425 
857793 
5266918 
1999083 
4161232 
2171077 
1127387 
810073 
163730 
104640 
197368 
846852 
77988 
3890669 
163731 
2686849 
3129218 
167169 
3129018 
905 
5794893 
4452669 
642853 
5641893 
35659 
3472913 
110071 
3129235 
136834 
4136059 
163249 
1117191 
135699 
1973937 
130014 
3178482 
4038144 
223845 
205572 
182291 
212456 
844055 
174082 
662498 
143561 
1875391 
145801 
2883940 
3030828 
1117183 
213904 
752366 
175319 
107668 
586554 
5323461 
1604330 
915813 
2859844 
1629282 
606986 
149929 
1129140 
121282 
1122488 
804852 
3399900 
50006 
4966604 
968806 
790217 
2465782 
927155 
76269 
2270536 
929496 
687383 
3228769 
988793 
189418 
21615 
5966810 
3153582 
146995 
5794921 
720646 
196061 
780971 
142368 
2342904 
73467 
2908114 
81276 
635475 
145700 
2269432 
108939 
2465308 
103472 
626396 
181453 
628955 
854928 
55160 
1137682 
3400282 
953990 
682941 
1103803 
914496 
129346 
741196 
3448874 
5464924 
1129333 
3670652 
3989642 
1974439 
3694526 
3473309 
853277 
858890 
213714 
808154 
81142 
3596287 
1121019 
1121020 
1801617 
2514941 
688675 
123296 
3841725 
80248 
198473 
960022 
107863 
3645333 
57933 
1056872 
175725 
935283 
187851 
126902 
4136013 
23055 
5720937 
5794814 
754517 
735341 
1018188 
59077 
2859085 
127790 
3301166 
33448 
2834388 
163828 
130042 
1069285 
71337 
2023117 
112216 
2564044 
163770 
2416648 
2318572 
1900140 
182329 
626576 
33726 
4787895 
780224 
3080515 
218973 
596890 
51338 
133432 
3546822 
52485 
1973785 
218224 
1107746 
896889 
189246 
207622 
2995 
3104330 
43691 
5957695 
739962 
199333 
582617 
83635 
2244585 
2342896 
2563939 
1115648 
212380 
854293 
175306 
796500 
110854 
3596765 
3129644 
3694550 
1131888 
5041846 
223201 
919380 
740272 
173628 
217894 
619078 
789107 
128672 
4363031 
3203316 
4186393 
2564889 
1065947 
516758 
522621 
777125 
156967 
3891494 
2860023 
1137043 
854453 
144320 
4087381 
2146985 
2294322 
4806663 
716986 
983717 
1129960 
2539786 
199644 
834425 
121033 
4013520 
76852 
3129221 
843803 
197966 
18035 
5781023 
6004108 
5641784 
599456 
5990183 
5892259 
5739706 
5827229 
5489120 
3521881 
168038 
5845726 
5762531 
5952603 
5683749 
5753415 
4773667 
5822664 
5762532 
532423 
113358 
3522068 
145789 
3301135 
3350240 
528051 
223897 
542898 
141661 
1122785 
582157 
519768 
2490696 
1998803 
5210686 
949391 
2908493 
2638402 
202948 
754607 
984197 
209054 
151233 
1117813 
60206 
2932680 
1998535 
180661 
217790 
211241 
111361 
4160622 
15851 
5947898 
1008155 
5790200 
5762537 
5674382 
5632494 
863565 
213877 
76814 
2318475 
181083 
176089 
809795 
219517 
1076730 
111933 
1900548 
61070 
3940296 
3056241 
5079318 
3351051 
175089 
220014 
659730 
185565 
1069229 
178502 
955821 
94079 
1109365 
872147 
2048056 
4872590 
2245005 
180766 
532263 
196628 
547958 
203303 
811296 
150800 
199174 
129729 
4759462 
2319362 
3326427 
221515 
134643 
2047417 
203971 
139062 
3006214 
1751886 
1949062 
217170 
532995 
102398 
3276627 
44882 
1924300 
2844 
5571774 
967427 
5594906 
196201 
780696 
207334 
1105018 
224967 
962778 
199016 
1071977 
214949 
47684 
5238845 
2122000 
1122125 
736434 
1051545 
2908955 
193395 
224966 
201986 
1018223 
220685 
1014138 
224907 
31939 
5379984 
3301947 
1728049 
1131630 
189985 
198681 
542279 
196481 
912674 
61815 
813613 
515529 
1135360 
3253419 
2614296 
1678780 
214698 
1098575 
193031 
1035811 
499113 
1055141 
186481 
205258 
66683 
3473267 
2220750 
620456 
4617771 
516752 
1080768 
200843 
989590 
87786 
4186398 
63951 
3277236 
731678 
610900 
2294355 
4363460 
207343 
882798 
113301 
67977 
2465436 
86925 
1826021 
33428 
193566 
1061737 
36836 
1117101 
73532 
2294128 
2957159 
2367625 
957902 
198052 
655580 
141020 
5332930 
73209 
2392744 
130837 
1133623 
795726 
162397 
50179 
3178550 
3890541 
1121292 
3276681 
73568 
1120447 
3104490 
3129434 
1106155 
95330 
774865 
1084545 
862614 
600680 
701989 
2441917 
1065314 
3375844 
920164 
181614 
959757 
196022 
196021 
195305 
606520 
44583 
1801313 
1117884 
3227551 
1801314 
3890759 
188877 
205018 
912211 
116325 
2319434 
3080723 
4364268 
221652 
592923 
44957 
2909033 
3055774 
1129102 
862880 
519977 
3424386 
5295211 
220692 
950402 
116513 
2859113 
1998547 
1117934 
533493 
190644 
769102 
208071 
137948 
3645331 
1119591 
77838 
606584 
60038 
218757 
730563 
935522 
197480 
652678 
217453 
649893 
135740 
2170683 
179133 
708021 
106899 
3202773 
140310 
23003 
725504 
5901860 
4886515 
5850748 
174237 
182530 
187590 
174238 
189228 
221853 
542358 
111987 
2908588 
3768650 
137725 
2220735 
5022883 
1604366 
2343417 
1099179 
645536 
64451 
3596408 
1900448 
4363455 
697551 
1128617 
523782 
1037552 
164045 
1093294 
622268 
116155 
906528 
3478 
943130 
2440622 
47080 
5581162 
204442 
776572 
181836 
940212 
62639 
1114239 
10419 
866273 
5943225 
5716363 
5924498 
58193 
182804 
217764 
223040 
502456 
208607 
553643 
171451 
2638775 
3449516 
2441935 
4161889 
3990141 
954132 
1135152 
920165 
774116 
223439 
145008 
4608187 
3203518 
717016 
727263 
4136900 
4186260 
2343342 
211923 
1095353 
76783 
3301362 
3030798 
864052 
39925 
1056381 
1579652 
1925244 
87787 
4683550 
2736708 
3596655 
1703041 
2171266 
993015 
2933102 
581731 
3228028 
199866 
532537 
40204 
1116873 
116630 
2072273 
164415 
64732 
190751 
961144 
100660 
1133930 
610415 
4236059 
211881 
1069553 
214703 
791428 
55115 
1002818 
1974237 
1027397 
136137 
1130198 
4523304 
620084 
1122277 
3915852 
58777 
655480 
629685 
4235286 
1128724 
2047852 
1085148 
5342375 
2490597 
547755 
202951 
534123 
162284 
3104597 
1099968 
18830 
533078 
76853 
4160892 
163705 
3988956 
1628642 
3964401 
3350211 
3866379 
3030734 
3079927 
2662218 
61328 
163706 
650674 
1085340 
222740 
841834 
25555 
6031954 
6031953 
5618406 
3669578 
149249 
43793 
5253004 
191228 
717646 
187810 
110294 
2391843 
2831 
783595 
5767297 
4451493 
3202858 
167407 
863275 
103735 
132511 
31310 
7598 
5827312 
5841391 
623745 
5896948 
6050740 
737384 
969386 
197964 
192952 
125765 
1112751 
149281 
59292 
117969 
123541 
33663 
138196 
63780 
108133 
52733 
218623 
583077 
50017 
5389219 
72172 
34342 
81629 
3572148 
702705 
848327 
1125237 
3179255 
1032072 
915437 
2884497 
3719293 
1132558 
785364 
173670 
721020 
204652 
914511 
200406 
203077 
194687 
190374 
708174 
112275 
3915120 
73555 
3596071 
73556 
1117730 
164753 
164752 
216897 
217300 
223994 
191519 
931941 
72881 
954146 
3940596 
3769154 
2737064 
2270489 
3081148 
595698 
643877 
1108592 
3769030 
512882 
3473934 
2441954 
204769 
207038 
128023 
181231 
50484 
224453 
29750 
5804116 
5924478 
5489167 
5957323 
5971402 
5599643 
5702304 
5799299 
6027176 
858297 
725511 
5785622 
5910753 
5489168 
5855105 
6036586 
4447507 
71564 
194532 
194533 
187884 
88282 
3129974 
1130647 
5116997 
3596521 
3571702 
1075539 
3842373 
643169 
582646 
72379 
2785181 
3448347 
496164 
545698 
219999 
124736 
519926 
1629074 
5248282 
3056066 
186745 
533777 
137920 
70184 
3227856 
87990 
1702563 
1579326 
870992 
611972 
179812 
811181 
71822 
862446 
944022 
2417439 
958899 
2023919 
65040 
2367932 
4863169 
3596726 
2564391 
625101 
2908515 
989781 
196502 
888004 
128654 
4816064 
51666 
978731 
2908687 
630107 
520970 
520643 
964070 
520652 
1065539 
3154235 
3719832 
3621398 
939915 
1629024 
68920 
175374 
694779 
124044 
3056369 
3253542 
776478 
101103 
3448879 
2221008 
516890 
2047773 
5323501 
2687669 
3915679 
1130806 
649398 
553135 
122654 
726698 
3326639 
837934 
804027 
944040 
2122489 
508832 
619790 
1036343 
1017229 
1035756 
1030860 
36532 
1949420 
993003 
516988 
4476245 
1604646 
790313 
193398 
601656 
129988 
2170707 
143462 
220179 
206922 
901946 
182313 
36791 
4087049 
205588 
710960 
164895 
2834280 
40225 
902429 
159619 
2269845 
4363437 
41086 
2072905 
134342 
3719706 
1022067 
523899 
858459 
73702 
3743127 
116781 
122345 
8583 
5966824 
5492006 
6022756 
754463 
5976296 
5938705 
98279 
181091 
217597 
1830 
4518503 
1049811 
5906311 
1726886 
63705 
222611 
206001 
208383 
85795 
3129259 
3079981 
3129391 
3202983 
713622 
173559 
34932 
4976151 
1123096 
712169 
1017653 
100631 
2146601 
2171073 
810678 
179747 
1064596 
612630 
35194 
3621700 
1605239 
3572497 
793996 
200245 
5135806 
940016 
1079914 
1851185 
223460 
54672 
3964331 
214252 
210975 
177648 
209366 
195948 
189308 
179332 
145866 
3595925 
149165 
180970 
625612 
182537 
184149 
222484 
190942 
111221 
1113391 
51449 
3006082 
1363 
6018289 
5855468 
2318350 
120050 
51448 
165542 
5990520 
5995174 
5495429 
493733 
5103083 
192637 
185862 
147006 
4037885 
167154 
35884 
9438 
4509137 
5679126 
5878468 
6027289 
493218 
5637296 
199529 
222687 
197986 
601631 
65825 
1554565 
163610 
2662223 
1116197 
2908130 
173989 
587454 
89146 
3718886 
163607 
3645413 
149023 
1702389 
163608 
3743409 
99196 
3203059 
113306 
3104595 
163609 
3227647 
2637650 
2736013 
3399249 
193937 
215584 
677055 
175698 
202380 
1083602 
527919 
201333 
80465 
1112823 
3270 
4547009 
604283 
5488598 
5488597 
6031841 
219395 
747156 
118632 
4062679 
1120127 
1121108 
147745 
856676 
969761 
84600 
4087194 
1120278 
73372 
47707 
4750031 
2638441 
188851 
144519 
3276740 
86861 
118733 
64609 
162255 
162256 
15910 
921787 
1114176 
59180 
5799643 
1093223 
205888 
177585 
594865 
1008558 
204030 
814956 
64632 
3964604 
1924663 
3743478 
2244806 
2490246 
218875 
904768 
222269 
56864 
3792506 
202409 
625796 
209040 
916320 
180641 
110096 
212334 
766855 
191433 
891829 
583863 
109632 
946643 
159160 
790338 
867506 
4363125 
3154433 
2687225 
3055995 
181882 
190278 
163634 
2834343 
44646 
940223 
105952 
2244493 
28914 
759280 
5878423 
5804214 
192873 
1085617 
101343 
1115803 
66893 
214624 
709298 
156974 
2909203 
118460 
2319664 
35286 
3769157 
142880 
3842824 
156975 
3080987 
2343998 
3842793 
1070134 
201572 
778988 
628899 
178179 
198705 
183595 
181939 
746890 
21939 
596888 
163854 
3596261 
1116625 
759775 
817861 
1110379 
126432 
524303 
1027023 
4235604 
4617532 
210684 
935604 
205054 
815568 
121396 
4825559 
1702851 
1032220 
1130052 
712198 
86890 
3497387 
817680 
853849 
42291 
3669796 
55689 
215459 
688609 
2682 
1018008 
21567 
5642096 
5494846 
5394100 
906378 
795321 
32384 
1554431 
79220 
184187 
201027 
207649 
192886 
528629 
57058 
2932522 
25640 
5855258 
1025683 
192813 
176106 
216042 
891978 
184264 
197752 
25583 
5739916 
5860028 
2809525 
88187 
5845963 
783643 
184263 
58122 
207881 
639975 
127998 
1554385 
6097 
5896935 
807919 
217715 
194457 
216099 
115665 
741908 
78133 
2637432 
30099 
5827490 
493241 
179358 
182611 
703040 
81515 
3252122 
29347 
5576672 
5980962 
493670 
206058 
834148 
209547 
86061 
2342751 
22626 
710845 
5855163 
189499 
529501 
202630 
82602 
3276476 
19848 
6069558 
5762887 
5609426 
5901851 
494156 
175953 
219165 
199329 
1085376 
106956 
209409 
219307 
5843 
1020845 
5762761 
1998326 
166479 
5572029 
5609298 
166480 
187629 
201026 
596605 
99428 
1875127 
18957 
5799263 
5873629 
4447259 
943146 
5488525 
5906052 
181259 
206233 
186250 
756340 
212783 
189430 
211103 
64878 
1114049 
131334 
222674 
219380 
189429 
206070 
217658 
194398 
200583 
896856 
102555 
3055221 
148059 
3988737 
57033 
117877 
166597 
166598 
3945 
5613970 
5721095 
493803 
5337541 
5804339 
5933994 
5845935 
5739887 
191520 
646209 
115967 
1138352 
3130179 
687621 
3449353 
886414 
1555741 
935525 
144648 
3596020 
74709 
3866169 
164874 
66939 
177727 
545443 
51059 
524917 
1124964 
3129692 
4467027 
1727804 
1051182 
679239 
53506 
2440962 
84639 
133336 
108892 
176119 
635920 
190381 
68948 
1130561 
42163 
2171026 
2171452 
524090 
624966 
4731278 
177786 
863552 
200672 
106788 
3964569 
34539 
1121643 
4160871 
2367478 
531611 
23155 
635417 
121077 
1875347 
1949269 
912007 
108767 
746090 
52248 
5013468 
1949477 
2712065 
2613904 
634925 
3031084 
814647 
38164 
2613079 
1386 
5412914 
827399 
5799264 
5488526 
181258 
202981 
194564 
528035 
121257 
2047205 
31347 
4742 
996579 
5489174 
5604392 
5785623 
5947895 
5818036 
5720876 
129174 
49342 
5971618 
5074574 
