320 
657 
875 
1122 
2831 
3401 
3478 
3835 
4168 
4993 
5602 
5775 
5858 
5937 
5950 
6158 
6173 
6189 
7157 
7396 
7547 
7598 
7939 
8259 
8736 
9985 
10142 
10419 
10435 
10475 
10666 
11903 
12152 
12198 
12717 
13496 
14024 
14397 
14849 
15131 
16727 
17030 
18578 
18677 
18830 
20693 
21981 
22973 
23049 
23900 
23940 
24304 
24481 
25555 
25735 
25903 
26950 
27044 
27065 
28497 
29631 
29750 
29858 
30294 
30499 
31014 
31310 
31386 
31454 
31477 
31482 
31492 
31528 
31533 
32283 
32454 
32583 
32610 
32649 
32652 
32661 
32669 
32674 
32676 
32677 
32682 
32710 
33338 
33339 
33442 
33663 
33682 
33740 
33784 
33821 
33823 
33841 
34342 
34564 
34796 
34826 
34847 
34883 
34884 
34894 
34911 
34943 
34947 
35777 
35962 
35971 
35981 
35990 
35991 
35998 
36011 
36048 
36055 
36077 
36084 
36085 
36088 
36532 
36791 
36903 
37058 
37083 
37113 
37137 
37149 
37158 
37163 
37190 
38001 
38172 
38173 
38183 
38225 
38236 
38251 
38267 
38271 
38275 
38308 
38313 
38320 
38331 
38950 
39053 
39119 
39173 
39204 
39328 
39358 
39373 
39400 
39428 
39433 
39446 
39481 
39482 
39488 
39491 
39494 
39925 
40204 
40437 
40438 
40478 
40539 
40543 
40551 
40583 
40584 
40590 
40594 
40595 
40599 
41292 
41312 
41352 
41484 
41572 
41594 
41595 
41600 
41611 
41613 
41619 
41663 
41677 
41683 
41712 
41713 
41716 
42461 
42480 
42482 
42664 
42714 
42747 
42754 
42781 
42797 
42821 
42846 
42850 
42851 
43337 
43793 
43896 
43897 
43915 
43919 
43945 
43947 
43953 
43954 
43966 
43989 
44000 
44007 
44694 
44856 
44894 
44910 
44919 
44920 
44921 
44935 
44957 
44999 
45012 
45013 
45014 
45027 
45052 
45073 
45181 
45472 
45548 
45821 
46098 
46123 
46137 
46138 
46153 
46930 
47080 
47162 
47169 
47175 
47205 
47214 
47235 
47239 
47279 
48263 
48288 
48291 
48334 
48344 
48375 
48384 
48387 
48388 
48409 
48415 
49269 
49368 
49407 
49437 
49474 
49501 
49538 
50017 
50147 
50343 
50370 
50373 
50470 
50484 
50501 
50570 
50586 
50607 
50612 
50613 
50618 
50623 
50656 
50658 
50675 
51231 
51383 
51395 
51593 
51654 
51666 
51669 
51680 
51681 
51686 
51713 
51735 
51754 
51757 
51762 
51997 
52733 
52819 
52828 
52830 
52854 
52857 
52862 
52863 
52877 
52921 
52922 
53364 
53688 
53770 
53857 
53879 
53891 
53903 
53920 
53953 
53958 
53960 
53975 
54001 
54011 
54012 
54021 
54326 
54505 
54586 
54958 
54959 
55023 
55033 
55058 
55065 
55071 
55072 
55107 
55108 
55109 
55115 
55999 
56059 
56114 
56124 
57095 
57138 
57174 
57218 
57246 
57249 
57286 
57392 
57978 
58076 
58177 
58193 
58235 
58286 
58316 
58325 
58547 
58580 
58777 
59169 
59174 
59286 
59292 
59309 
59313 
59374 
59385 
59410 
59421 
59422 
59436 
59456 
59460 
59465 
59466 
60317 
60396 
60536 
60605 
60607 
60609 
60895 
61328 
61433 
61500 
61561 
61567 
61635 
61685 
61686 
61689 
61697 
61724 
61747 
62207 
62324 
62536 
62601 
62639 
62658 
62829 
62830 
62836 
62837 
63251 
63501 
63780 
63845 
63878 
63879 
63925 
63960 
63970 
64314 
64451 
64732 
64973 
64974 
64977 
64996 
65009 
65013 
65030 
65035 
65036 
65040 
65070 
65075 
65076 
65079 
65082 
65083 
65086 
65118 
65121 
65137 
65139 
65583 
65947 
66080 
66119 
66145 
66231 
66921 
66950 
67055 
67121 
67139 
67141 
67155 
67181 
67193 
67200 
67228 
67243 
67267 
67279 
67290 
67342 
68046 
68051 
68302 
68340 
68396 
68402 
68414 
68864 
68876 
68920 
69447 
69483 
69490 
70153 
70184 
70282 
70541 
70542 
70555 
70609 
70648 
70649 
70653 
70660 
71246 
71563 
71564 
71582 
71597 
71610 
71615 
71618 
71626 
71681 
71698 
71724 
71737 
71822 
72126 
72172 
72379 
72649 
72662 
72679 
72685 
72716 
72747 
72758 
72761 
72796 
72798 
72811 
72818 
72881 
73243 
73372 
73543 
73555 
73556 
73793 
73825 
73833 
73864 
73910 
73950 
73955 
73956 
73957 
73958 
74925 
74942 
74954 
74961 
74962 
74994 
75003 
75018 
75020 
75048 
75052 
75053 
75054 
75737 
75783 
75915 
76071 
76082 
76104 
76113 
76163 
76177 
76178 
76594 
76750 
76783 
76853 
77131 
77159 
77169 
77171 
77172 
77189 
77193 
77229 
77230 
77242 
77251 
77286 
77295 
77836 
77849 
78070 
78177 
78189 
78296 
78316 
78353 
78372 
78403 
78741 
79146 
79174 
79325 
79354 
79355 
79375 
79376 
79398 
79423 
79431 
79439 
79455 
79475 
79477 
79492 
79493 
79505 
79506 
79514 
80122 
80273 
80478 
80542 
80543 
80548 
80599 
80630 
80635 
80636 
80649 
81080 
81193 
81337 
81402 
81607 
81621 
81629 
81684 
81717 
81731 
81735 
81766 
81768 
81771 
81774 
81775 
82230 
82763 
82780 
82838 
82842 
82866 
82868 
82911 
82918 
82921 
82931 
83346 
83915 
83967 
84018 
84019 
84396 
84600 
84931 
85023 
85084 
85089 
85102 
85106 
85114 
85133 
85141 
85142 
85859 
86048 
86099 
86165 
86170 
86173 
86224 
86256 
86262 
86263 
86264 
86686 
87116 
87319 
87323 
87329 
87331 
87352 
87787 
87990 
88018 
88282 
88328 
88380 
88386 
88395 
88452 
88461 
88874 
89129 
89155 
89464 
89550 
89589 
89601 
90335 
90385 
90386 
90487 
90562 
90604 
90616 
90622 
90624 
90629 
90657 
90660 
90704 
90709 
91618 
91683 
91693 
91719 
91720 
91721 
91727 
91759 
91787 
91799 
91836 
92314 
92897 
92908 
92933 
92946 
92974 
92984 
92987 
93024 
93594 
93805 
93809 
93863 
93976 
94010 
94053 
94064 
94068 
94104 
94105 
94106 
94111 
94116 
94421 
94511 
94781 
95090 
95151 
95169 
95195 
95227 
95255 
95257 
95260 
96203 
96231 
96234 
96255 
96277 
96310 
96312 
96317 
96765 
96991 
97244 
97264 
97265 
97266 
97321 
97332 
97358 
97360 
97363 
97367 
97371 
97404 
97412 
97413 
97847 
98084 
98125 
98289 
98390 
98431 
98435 
98441 
98471 
98472 
98489 
98543 
98764 
99239 
99441 
99504 
99525 
99535 
99536 
99554 
99556 
99581 
99589 
99593 
99670 
99945 
100042 
100051 
100315 
100536 
100548 
100564 
100658 
100660 
100791 
101079 
101103 
101369 
101450 
101688 
101691 
101697 
101702 
101706 
101708 
101712 
101730 
101749 
101828 
102429 
102681 
102686 
102743 
102747 
102783 
102790 
102795 
103493 
103662 
103735 
103840 
103841 
103896 
103900 
103901 
103905 
103907 
103944 
104316 
104373 
104415 
104755 
104890 
104946 
104974 
104975 
104988 
105012 
105024 
105059 
105061 
106020 
106100 
106117 
106157 
107114 
107130 
107143 
107144 
107149 
107167 
107170 
107172 
107201 
107206 
107212 
107285 
107796 
108133 
108151 
108193 
108213 
108255 
108257 
108265 
108310 
108314 
109267 
109268 
109304 
109306 
109339 
109345 
109355 
109394 
109398 
109405 
109875 
109885 
109997 
110072 
110150 
110154 
110294 
110410 
110412 
110429 
110445 
110489 
110914 
111422 
111433 
111452 
111488 
111494 
111536 
111544 
111881 
111987 
112125 
112260 
112275 
112506 
112582 
112587 
112592 
112616 
112621 
112622 
112629 
113280 
113339 
113552 
113553 
113603 
113610 
113626 
113629 
113662 
113706 
113707 
113721 
113723 
114296 
114654 
114674 
114687 
114691 
114757 
114762 
114764 
114790 
114797 
114804 
114929 
115737 
115767 
115777 
115778 
115786 
115840 
115879 
115930 
115932 
116155 
116353 
116630 
116701 
116837 
116843 
116887 
116945 
116973 
116982 
116997 
116998 
117001 
117029 
117089 
117474 
117888 
117969 
118031 
118056 
118058 
118090 
118097 
118100 
118177 
118632 
118726 
118850 
118964 
119163 
119175 
119188 
119191 
120255 
120274 
120278 
120294 
120298 
120299 
120311 
120312 
120313 
120315 
120337 
120338 
120348 
120349 
120350 
120355 
120943 
121050 
121073 
121101 
121246 
121287 
121301 
121309 
121346 
121390 
121392 
121393 
121419 
121427 
121429 
122420 
122442 
122443 
122480 
122491 
122492 
122529 
122561 
122568 
122654 
122792 
122956 
123539 
123540 
123541 
123567 
123664 
123669 
123677 
123698 
123702 
123703 
123706 
123711 
123985 
124044 
124385 
124420 
124525 
124532 
124704 
124709 
124710 
124716 
124736 
124764 
124774 
124823 
125765 
125810 
125841 
125897 
125905 
125906 
125911 
125924 
125958 
125959 
125962 
126708 
126920 
126969 
126982 
126983 
127001 
127004 
127045 
127046 
127078 
127082 
127168 
128023 
128056 
128070 
128143 
128151 
128181 
128190 
128654 
129201 
129270 
129278 
129286 
129295 
129297 
129305 
129306 
129342 
129801 
129988 
130036 
130334 
130358 
130394 
130402 
130438 
130439 
131154 
131155 
131411 
131423 
131425 
131451 
131536 
131562 
131563 
131568 
131574 
132011 
132163 
132390 
132394 
132511 
132587 
132614 
132661 
132669 
132670 
132678 
132679 
132690 
132712 
132713 
132715 
133110 
133617 
133653 
133678 
133710 
133715 
133755 
133760 
133761 
133770 
133796 
133804 
133810 
134299 
134830 
134936 
134941 
134946 
134948 
134960 
134991 
134993 
134996 
134997 
135003 
136046 
136059 
136100 
136107 
136110 
136137 
137175 
137205 
137237 
137262 
137725 
137920 
138196 
138217 
138294 
138318 
138328 
138368 
138374 
138380 
138381 
138382 
138383 
139106 
139398 
139428 
139478 
139511 
139513 
139515 
140484 
140485 
140486 
140510 
140616 
140617 
141409 
141625 
141659 
141706 
141712 
141742 
142456 
142457 
142732 
142746 
142755 
142766 
142793 
142806 
142814 
142837 
143462 
143779 
143815 
143826 
143830 
143844 
143867 
143873 
143881 
143907 
143913 
143916 
143921 
144629 
144862 
144863 
144884 
144971 
144984 
145008 
145015 
145018 
145023 
145024 
145025 
145026 
145031 
145482 
145787 
145862 
146027 
146048 
146066 
146141 
146151 
146278 
146605 
146830 
147110 
147114 
147129 
147160 
147162 
147166 
147196 
147204 
147239 
147246 
147745 
148159 
148277 
148278 
148284 
148291 
148330 
148418 
149227 
149249 
149281 
149302 
149339 
149340 
149383 
149393 
149414 
149418 
149459 
149918 
150239 
150378 
150450 
150452 
150453 
150472 
150481 
150489 
150501 
150544 
150697 
151457 
151460 
151487 
151577 
151579 
151587 
151639 
151970 
152378 
152632 
152655 
152664 
152665 
152671 
152691 
152699 
152717 
155030 
155809 
156912 
156971 
158808 
159011 
159057 
159447 
159478 
161780 
162284 
163692 
163705 
163706 
163716 
163739 
163934 
164045 
164058 
164415 
164499 
164752 
164753 
165472 
165514 
165540 
165541 
165604 
165605 
165963 
166192 
166473 
167058 
167237 
167238 
167290 
167407 
167826 
168006 
168371 
168372 
168373 
168374 
168377 
168387 
168525 
168526 
168712 
168713 
168714 
168715 
168748 
168749 
168750 
168781 
168782 
168875 
168938 
168939 
168940 
168941 
169016 
169060 
169061 
169185 
169186 
169187 
169203 
169242 
169243 
169326 
169327 
169328 
169453 
169454 
169537 
169538 
169539 
169567 
169568 
169569 
169570 
169603 
169604 
169625 
169626 
169627 
169632 
169643 
169717 
169718 
169719 
169720 
169823 
169824 
170065 
170066 
170067 
170116 
170117 
170158 
170172 
170173 
170174 
170175 
170176 
170177 
170178 
170218 
170219 
170256 
170257 
170258 
170259 
170268 
170269 
170308 
170325 
170326 
170331 
170338 
170343 
170399 
170400 
170423 
170447 
170448 
170449 
170450 
170463 
170464 
170465 
170489 
170511 
170512 
170513 
170535 
170536 
170537 
170538 
170818 
170901 
170902 
170903 
170904 
170921 
170922 
170923 
170953 
170954 
170955 
170979 
170980 
171022 
171031 
171032 
171033 
171034 
171035 
171040 
171041 
171078 
171079 
171082 
171087 
171088 
171089 
171090 
171091 
171096 
171097 
171098 
171100 
171146 
171167 
171171 
171172 
171221 
171451 
172467 
173581 
173670 
174325 
174422 
174449 
174502 
174521 
174524 
174525 
174546 
174705 
175000 
175374 
175722 
175778 
175791 
175943 
175973 
176233 
176345 
176940 
177019 
177257 
177328 
177350 
177477 
177640 
177817 
177822 
177872 
178046 
178165 
178360 
179072 
179079 
179196 
179288 
179426 
179462 
179520 
179559 
179806 
179812 
180687 
180691 
180741 
180958 
181003 
181204 
181206 
181231 
181523 
181836 
182313 
182330 
182351 
182549 
182562 
182804 
182889 
182909 
183441 
183560 
184138 
184139 
184167 
184245 
184357 
184414 
184415 
184504 
184559 
184765 
185550 
186158 
186745 
187402 
187439 
187510 
187566 
187578 
187592 
187596 
187795 
187810 
187884 
187991 
189051 
189258 
189435 
189564 
189754 
189766 
190141 
190374 
190574 
190703 
190711 
190751 
191129 
191177 
191228 
191240 
191268 
191272 
191348 
191519 
191796 
191797 
192416 
192615 
192824 
192952 
193398 
193561 
193617 
193767 
194008 
194190 
194191 
194208 
194427 
194532 
194533 
194614 
194687 
195641 
195774 
195861 
195872 
195873 
195976 
196045 
196076 
196100 
196502 
196824 
196958 
197632 
197635 
197837 
197946 
197964 
198204 
198744 
199138 
199449 
199536 
199593 
199594 
199621 
199866 
200056 
200228 
200406 
200743 
200807 
200888 
200970 
201056 
201304 
201529 
201879 
202065 
202420 
202480 
202853 
202931 
202951 
203077 
203169 
203639 
204002 
204018 
204038 
204205 
204229 
204262 
204378 
204442 
204652 
204741 
204769 
205208 
205290 
205588 
205933 
206108 
206164 
206182 
206189 
206281 
206287 
206920 
206922 
206970 
206977 
207038 
207303 
207366 
207598 
207607 
207635 
207836 
207944 
208003 
208030 
208081 
208179 
208543 
208607 
208674 
208683 
208689 
209064 
209356 
209442 
209451 
209504 
209578 
209591 
209592 
209818 
210262 
210283 
210340 
210343 
210718 
210894 
210906 
210966 
210967 
211107 
211133 
211204 
211227 
211278 
211345 
211881 
211923 
211987 
212148 
212221 
212397 
212401 
212424 
212638 
212666 
212806 
212934 
212971 
213141 
213477 
213524 
213581 
213897 
213928 
214014 
214345 
214370 
214483 
214703 
214716 
215168 
215658 
215666 
215847 
216023 
216055 
216056 
216874 
216897 
217230 
217300 
217454 
217455 
217522 
217525 
217558 
217559 
217764 
218062 
218063 
218560 
218623 
219157 
219181 
219234 
219237 
219483 
219999 
220014 
220091 
220179 
220278 
220421 
220574 
220610 
220685 
220692 
220806 
220809 
220810 
220814 
220824 
220871 
220890 
220891 
221021 
221069 
221109 
221117 
221118 
221123 
221515 
221637 
221652 
221796 
221799 
221812 
221853 
221878 
222267 
222269 
222423 
222424 
222484 
222582 
222611 
222674 
222687 
222690 
222740 
222775 
222782 
222785 
222798 
222799 
222805 
222919 
223040 
223201 
223350 
223366 
223439 
223448 
223460 
223509 
223513 
223514 
223735 
223845 
223897 
223961 
223968 
223973 
223994 
224101 
224112 
224115 
224134 
224135 
224136 
224140 
224441 
224453 
224458 
224545 
224907 
224966 
224967 
224995 
493062 
493171 
493193 
493235 
493244 
493388 
495733 
495980 
496164 
496245 
498807 
499890 
500081 
500855 
501774 
501884 
502456 
502906 
507182 
508832 
508982 
509886 
510519 
512852 
512882 
513047 
515161 
515952 
516321 
516890 
516892 
516971 
516988 
517015 
517093 
517278 
517574 
517588 
517936 
518107 
518484 
518514 
518544 
519522 
519924 
519926 
519977 
520643 
520652 
520970 
521064 
522071 
522243 
522299 
522874 
523565 
523693 
523782 
523959 
524301 
524416 
524484 
524909 
525251 
528349 
528901 
529056 
529334 
529618 
531733 
532414 
532490 
532523 
532537 
532611 
532684 
533078 
533777 
534123 
534405 
534481 
542003 
542028 
542094 
542358 
544374 
545440 
545698 
547755 
553135 
553643 
553820 
555129 
556849 
580977 
581468 
581731 
581813 
582059 
582122 
582646 
583077 
586557 
586862 
586919 
590176 
590842 
591219 
591268 
591877 
592923 
593218 
594933 
595077 
595698 
595924 
596193 
596635 
596793 
599648 
600901 
601041 
601083 
601656 
601913 
604946 
610415 
610583 
610873 
611972 
611993 
614076 
614698 
615271 
615620 
616057 
616067 
616617 
619438 
619790 
620084 
620205 
620793 
621782 
622268 
623745 
623981 
624881 
624883 
625101 
628548 
629685 
629714 
629800 
630107 
634793 
634802 
638991 
639624 
639777 
640230 
643169 
643877 
644483 
645536 
646240 
649398 
650674 
651523 
653723 
654257 
655480 
655615 
658763 
658987 
660152 
663614 
663731 
663997 
664128 
664561 
665094 
670615 
673345 
673354 
673376 
673616 
674293 
676978 
678204 
678296 
683238 
687720 
687727 
687841 
687926 
688669 
689829 
690239 
692741 
692848 
693092 
693140 
693344 
693660 
694779 
697530 
697551 
697634 
698181 
701016 
702465 
702700 
702705 
702732 
702822 
702851 
703017 
703018 
703794 
707491 
707512 
707514 
707568 
707667 
707713 
708027 
708174 
708201 
709327 
710960 
710978 
712249 
712412 
712586 
712845 
713043 
714654 
715739 
716757 
716999 
717016 
717393 
717464 
717646 
717836 
720961 
721020 
721830 
721853 
722239 
723294 
725511 
726584 
726698 
727229 
727263 
727266 
727702 
728265 
730743 
732555 
736808 
736827 
737306 
737356 
737384 
740448 
741315 
742641 
743098 
745226 
745658 
746089 
746202 
746384 
746403 
746454 
746849 
747024 
747156 
750937 
751096 
751766 
752372 
754479 
754636 
755599 
755887 
755891 
756312 
756330 
756570 
759437 
760761 
760772 
761552 
762210 
764142 
764227 
764903 
764944 
764988 
765640 
765907 
766099 
766129 
766149 
766451 
769300 
769306 
769341 
770322 
770367 
770979 
774116 
775062 
775517 
775519 
775523 
775725 
776478 
776572 
778764 
778860 
780309 
783595 
785130 
785364 
785600 
785884 
785964 
789469 
789975 
790313 
790566 
790842 
791355 
791389 
791428 
794525 
795205 
798349 
798676 
799635 
800046 
800279 
801405 
804027 
804790 
804869 
804902 
806745 
808068 
809190 
809587 
809804 
811181 
813925 
814223 
815529 
817977 
818860 
819114 
820999 
823839 
824622 
824675 
825163 
825207 
825309 
828797 
829088 
829577 
830086 
830694 
832561 
833527 
833888 
834197 
834206 
834933 
836979 
837144 
837433 
837934 
838263 
838387 
839045 
839087 
839217 
839221 
840016 
840345 
841834 
841989 
843471 
843533 
843644 
843820 
844671 
845249 
846795 
848275 
848311 
848327 
848342 
850251 
851687 
852839 
852928 
853043 
853781 
854459 
856499 
856546 
856676 
858197 
858297 
861461 
861918 
862446 
862552 
862641 
862880 
863275 
863551 
864052 
864149 
864521 
866273 
866366 
866632 
867696 
867809 
867834 
870992 
872143 
872220 
875645 
875825 
875959 
877024 
877357 
877468 
877771 
877957 
877959 
879112 
880556 
880665 
881770 
882215 
883603 
886703 
887983 
888004 
888764 
890352 
891475 
891958 
894852 
896377 
897003 
899742 
899854 
900429 
900989 
901191 
901946 
904676 
906270 
906528 
906574 
909755 
910765 
910780 
910953 
914144 
914207 
914511 
914683 
915142 
915437 
915521 
915525 
915727 
915872 
919015 
919043 
920022 
920165 
920407 
920564 
920595 
921746 
924223 
925795 
925919 
926763 
930188 
930717 
931342 
931941 
934355 
934683 
934737 
935600 
936236 
938515 
938730 
939797 
939915 
939951 
939954 
940212 
940992 
941005 
941606 
941629 
943130 
943609 
944022 
944040 
944639 
944744 
945262 
946497 
946603 
948221 
949884 
950055 
950254 
950875 
954132 
954146 
954261 
954380 
955123 
955136 
955780 
958899 
959200 
961144 
962644 
963897 
963914 
964015 
964070 
964164 
964262 
964504 
964591 
967436 
967438 
967971 
969386 
969761 
973758 
973814 
973907 
974055 
975100 
978552 
978731 
978747 
980497 
983252 
984664 
988366 
988516 
988555 
988563 
988830 
989781 
991896 
992861 
992976 
993003 
993015 
993678 
993946 
997049 
997885 
998050 
998840 
999409 
1002818 
1003248 
1003799 
1004301 
1006384 
1007714 
1007740 
1007824 
1007985 
1008047 
1011187 
1011481 
1012596 
1012631 
1013219 
1016080 
1017229 
1017295 
1017332 
1017533 
1017711 
1023496 
1025995 
1027074 
1027365 
1027397 
1027875 
1030860 
1032072 
1032147 
1032198 
1033502 
1035396 
1035756 
1036343 
1036390 
1037007 
1037086 
1037394 
1037552 
1040497 
1041119 
1041427 
1041541 
1041745 
1041789 
1042915 
1045369 
1046473 
1047017 
1047191 
1052628 
1054733 
1055739 
1055822 
1056187 
1056204 
1056381 
1056408 
1056437 
1056645 
1059565 
1059633 
1061104 
1061171 
1061183 
1061252 
1061561 
1061727 
1061826 
1062357 
1064765 
1065528 
1065539 
1065692 
1065754 
1069553 
1070195 
1075127 
1075341 
1075539 
1075583 
1075603 
1081337 
1081458 
1081973 
1081993 
1083462 
1083917 
1084799 
1085148 
1085340 
1085351 
1088283 
1088448 
1088781 
1089881 
1089930 
1090037 
1090465 
1090563 
1093196 
1093294 
1094672 
1094855 
1095353 
1097993 
1099179 
1099197 
1099374 
1099525 
1099968 
1101219 
1104329 
1104418 
1104580 
1104726 
1104788 
1105506 
1106353 
1107605 
1108592 
1109088 
1112488 
1112623 
1112697 
1112725 
1112733 
1112740 
1112751 
1113516 
1113517 
1113687 
1114085 
1114220 
1114239 
1114275 
1114383 
1116873 
1116952 
1116954 
1117053 
1117222 
1117275 
1117730 
1118079 
1119239 
1119588 
1119616 
1120127 
1120147 
1120278 
1120641 
1121108 
1122197 
1122277 
1122419 
1122509 
1122626 
1122719 
1122804 
1122810 
1122991 
1123435 
1123448 
1123614 
1123928 
1124006 
1124304 
1124386 
1124937 
1125042 
1125237 
1125409 
1125422 
1125545 
1125700 
1126187 
1126284 
1126305 
1126442 
1126516 
1126593 
1126644 
1126903 
1126909 
1128395 
1128617 
1128701 
1128724 
1128922 
1129102 
1129447 
1129925 
1130035 
1130198 
1130356 
1130428 
1130647 
1130731 
1130806 
1131655 
1132037 
1132492 
1132500 
1132558 
1132589 
1133274 
1133420 
1133884 
1133930 
1134268 
1135152 
1135530 
1135531 
1135583 
1136157 
1136310 
1136444 
1137032 
1138498 
1554432 
1555084 
1555090 
1555181 
1555439 
1579326 
1579652 
1579778 
1579821 
1579828 
1579849 
1580112 
1580373 
1603843 
1603987 
1604039 
1604325 
1604366 
1604646 
1604877 
1604960 
1628536 
1628594 
1628642 
1628975 
1629024 
1629074 
1629075 
1653361 
1653769 
1653802 
1653898 
1654421 
1677635 
1677976 
1677999 
1678065 
1678069 
1678386 
1678432 
1702230 
1702563 
1702841 
1702858 
1703041 
1703043 
1703386 
1703466 
1727391 
1727524 
1727631 
1727718 
1727789 
1727791 
1728284 
1751989 
1752238 
1752484 
1752670 
1753025 
1776752 
1777188 
1777495 
1777728 
1801820 
1825974 
1826451 
1850541 
1850735 
1850920 
1851388 
1851552 
1851722 
1875125 
1875205 
1875321 
1875500 
1875794 
1875816 
1875850 
1875886 
1899678 
1899857 
1899872 
1900386 
1900448 
1900983 
1901019 
1924483 
1924495 
1924505 
1924517 
1924801 
1924979 
1925244 
1948880 
1949118 
1949420 
1949558 
1950294 
1974237 
1974259 
1974631 
1998743 
1998981 
1999382 
2023279 
2023290 
2023315 
2023338 
2023358 
2023529 
2023577 
2023624 
2023780 
2023919 
2047477 
2047773 
2047852 
2048090 
2072273 
2072763 
2073029 
2073048 
2096542 
2096925 
2097105 
2097112 
2097196 
2097354 
2121123 
2121314 
2121355 
2121753 
2121784 
2121822 
2121997 
2122383 
2122439 
2122489 
2146425 
2146462 
2146549 
2146620 
2146804 
2170707 
2171053 
2171266 
2171360 
2171690 
2195538 
2195539 
2195540 
2195835 
2196215 
2196270 
2196397 
2219970 
2220298 
2220304 
2220574 
2220586 
2220735 
2220764 
2220959 
2221008 
2269596 
2269932 
2270217 
2270340 
2270489 
2294090 
2294166 
2294427 
2294442 
2294452 
2294468 
2318378 
2318480 
2318512 
2318966 
2319028 
2319234 
2342779 
2342950 
2343215 
2343233 
2343296 
2343342 
2343355 
2343417 
2343671 
2343970 
2367254 
2367432 
2367473 
2367826 
2367882 
2367932 
2368415 
2391843 
2392054 
2392119 
2392383 
2392395 
2392523 
2392530 
2392635 
2392780 
2416840 
2416950 
2416975 
2417047 
2417052 
2417257 
2417365 
2417439 
2440622 
2440859 
2441336 
2441580 
2441935 
2441954 
2465531 
2465772 
2490368 
2490447 
2490597 
2491016 
2491019 
2514682 
2515229 
2515351 
2515671 
2539344 
2540100 
2540319 
2564038 
2564344 
2564382 
2564391 
2564470 
2564637 
2564673 
2565106 
2589250 
2589434 
2589503 
2589963 
2613236 
2614109 
2614135 
2637426 
2637602 
2637866 
2637996 
2638363 
2638775 
2638778 
2662218 
2662816 
2663013 
2686667 
2686783 
2687344 
2687362 
2687404 
2687598 
2687669 
2711169 
2711867 
2711969 
2711979 
2712002 
2712117 
2735821 
2735897 
2736276 
2736603 
2736708 
2737064 
2760796 
2761085 
2761121 
2761338 
2785029 
2785181 
2785202 
2809828 
2810015 
2810070 
2810101 
2810207 
2810229 
2810422 
2810426 
2834106 
2834282 
2834440 
2834681 
2834767 
2834829 
2834867 
2835001 
2835241 
2835426 
2858817 
2858955 
2858958 
2859536 
2859932 
2860043 
2884218 
2884257 
2884258 
2884497 
2884607 
2884673 
2908515 
2908588 
2908648 
2908687 
2909033 
2909263 
2932949 
2933102 
2933117 
2933291 
2933729 
2957104 
2957162 
2957464 
2957500 
2957566 
2957570 
2957576 
2957801 
2957971 
2958096 
2958176 
2981749 
2981783 
2981795 
2981809 
2982025 
2982143 
2982330 
2982332 
2982392 
2982567 
2982730 
2982777 
3006548 
3006618 
3006802 
3006823 
3007012 
3030734 
3030798 
3031187 
3031253 
3031461 
3031557 
3031607 
3031735 
3055361 
3055421 
3055774 
3056066 
3056104 
3056350 
3056369 
3079927 
3080371 
3080396 
3080420 
3080542 
3080851 
3080943 
3081148 
3104300 
3104499 
3104597 
3104882 
3105186 
3105231 
3129178 
3129580 
3129639 
3129689 
3129974 
3130171 
3130406 
3153834 
3153844 
3154235 
3154238 
3154448 
3154598 
3178836 
3178844 
3179242 
3179255 
3179267 
3179427 
3202858 
3203179 
3203474 
3203503 
3203518 
3203855 
3227741 
3227856 
3228028 
3228052 
3228108 
3228126 
3252662 
3252674 
3252683 
3252798 
3253467 
3253542 
3276485 
3276999 
3277027 
3277501 
3277556 
3277569 
3277729 
3301362 
3301467 
3301501 
3301547 
3301592 
3301665 
3301674 
3301847 
3325637 
3326240 
3326257 
3326639 
3350127 
3350211 
3350304 
3350756 
3350782 
3350890 
3351273 
3351367 
3374489 
3374681 
3375255 
3375671 
3399369 
3399517 
3399576 
3399672 
3400077 
3423847 
3424386 
3448155 
3448347 
3448354 
3448705 
3448756 
3448765 
3448879 
3449516 
3472753 
3473350 
3473419 
3473442 
3473613 
3473711 
3473779 
3473908 
3473934 
3497384 
3497773 
3497910 
3497984 
3498019 
3498518 
3522477 
3522480 
3522491 
3522567 
3523217 
3546804 
3546821 
3547147 
3547348 
3547352 
3547786 
3547848 
3548029 
3571702 
3571823 
3572002 
3572148 
3572342 
3572500 
3596071 
3596198 
3596408 
3596471 
3596498 
3596521 
3596610 
3596655 
3596726 
3597251 
3620629 
3621398 
3645753 
3645764 
3645773 
3646004 
3669578 
3670031 
3670259 
3670459 
3670633 
3693928 
3695082 
3718720 
3719293 
3719412 
3719452 
3719577 
3719832 
3720080 
3743423 
3743471 
3743810 
3743824 
3743840 
3767900 
3767994 
3767995 
3768400 
3768440 
3768489 
3768498 
3768650 
3768973 
3769030 
3769057 
3769059 
3769154 
3792289 
3792307 
3792580 
3793279 
3793337 
3817364 
3817433 
3817570 
3817634 
3817817 
3842009 
3842201 
3842373 
3842592 
3842744 
3866221 
3866379 
3867402 
3890595 
3890811 
3890985 
3915120 
3915642 
3915679 
3915754 
3915852 
3939315 
3939584 
3940139 
3940192 
3940596 
3964401 
3964885 
3965535 
3988702 
3988873 
3988885 
3988956 
3990141 
4013761 
4014063 
4037898 
4038213 
4038543 
4038607 
4039272 
4062679 
4062900 
4062969 
4063063 
4063675 
4087049 
4087147 
4087194 
4087466 
4087552 
4087835 
4111567 
4112250 
4112295 
4112354 
4112717 
4136135 
4136208 
4136214 
4136632 
4136900 
4137025 
4137256 
4160892 
4161587 
4161889 
4161927 
4161965 
4185945 
4185980 
4186168 
4186260 
4186489 
4186707 
4210909 
4210923 
4211060 
4211512 
4234953 
4235245 
4235278 
4235286 
4235401 
4235408 
4235983 
4236059 
4363455 
4363701 
4364065 
4364287 
4447507 
4449798 
4449800 
4449801 
4449950 
4450427 
4451445 
4451493 
4452707 
4476245 
4476362 
4485607 
4494969 
4495010 
4513729 
4523304 
4523310 
4551567 
4580182 
4589429 
4608187 
4627080 
4632086 
4674097 
4683545 
4683550 
4683586 
4698108 
4721727 
4731251 
4731368 
4731491 
4749985 
4778304 
4806695 
4816064 
4835030 
4844210 
4849094 
4853675 
4863169 
4872681 
4881971 
4900693 
4910056 
4929045 
4943359 
4947838 
4957257 
4971615 
4976105 
5013500 
5022883 
5023075 
5041668 
5060513 
5060564 
5065382 
5088677 
5088690 
5088736 
5093527 
5107630 
5116997 
5149945 
5159362 
5191782 
5196364 
5196383 
5196400 
5215383 
5220049 
5224846 
5229470 
5248282 
5253004 
5257506 
5295211 
5323501 
5337726 
5342375 
5351811 
5379849 
5389219 
5398719 
5408181 
5408338 
5441299 
5460075 
5469688 
5474115 
5483620 
5489167 
5489168 
5489267 
5489754 
5490599 
5491094 
5491095 
5491593 
5491595 
5493726 
5494254 
5494255 
5494291 
5495247 
5495430 
5495431 
5495495 
5495496 
5495498 
5495580 
5495597 
5496507 
5571974 
5581162 
5581179 
5581421 
5581429 
5585697 
5586028 
5586096 
5586097 
5590467 
5590649 
5590725 
5599643 
5599736 
5604396 
5604532 
5604748 
5604758 
5609078 
5614125 
5614126 
5618406 
5637495 
5641810 
5641826 
5651301 
5655917 
5655964 
5660276 
5660277 
5660328 
5665350 
5670006 
5674692 
5679330 
5688472 
5688483 
5697930 
5702304 
5707060 
5707117 
5712044 
5716363 
5721025 
5721182 
5725609 
5744402 
5744558 
5744575 
5744690 
5749275 
5753452 
5762859 
5767297 
5771720 
5776540 
5776759 
5785622 
5790428 
5795045 
5799299 
5804116 
5804309 
5808826 
5808832 
5808918 
5813565 
5822807 
5827312 
5827364 
5827589 
5827593 
5836892 
5841391 
5841598 
5845992 
5846104 
5850506 
5850534 
5850753 
5855105 
5855240 
5855469 
5869169 
5873777 
5873900 
5873989 
5873998 
5878768 
5887954 
5892582 
5896948 
5897151 
5901547 
5901670 
5906120 
5910753 
5910896 
5911120 
5919814 
5919855 
5924478 
5924498 
5933901 
5933907 
5934081 
5943203 
5943225 
5952737 
5957323 
5971402 
5971636 
5990208 
5990530 
5994851 
6004230 
6009112 
6013402 
6013413 
6013418 
6018099 
6018233 
6022703 
6022713 
6022773 
6027176 
6031953 
6031954 
6032201 
6036586 
6036591 
6036592 
6036972 
6041245 
6045947 
6046023 
6046159 
6050640 
6050740 
6060109 
6060129 
6064636 
6069426 
6078483 
