 2 30363 
 3 16943 
 4 9958 
 5 7556 
 6 7120 
 7 6688 
 8 4823 
 9 3615 
 10 2751 
 11 2052 
 12 1539 
 13 1192 
 14 946 
 15 810 
 16 658 
 17 544 
 18 498 
 19 413 
 20 339 
 21 286 
 22 248 
 23 213 
 24 189 
 25 153 
 26 137 
 27 116 
 28 109 
 29 95 
 30 103 
 31 62 
 32 72 
 33 42 
 34 62 
 35 47 
 36 39 
 37 44 
 38 35 
 39 22 
 40 31 
 41 28 
 42 40 
 43 23 
 44 19 
 45 22 
 46 16 
 47 16 
 48 17 
 49 15 
 50 11 
 51 19 
 52 10 
 53 15 
 54 4 
 55 10 
 56 11 
 57 8 
 58 6 
 59 12 
 60 8 
 61 5 
 62 9 
 63 3 
 64 8 
 65 5 
 66 7 
 67 7 
 68 5 
 69 6 
 70 6 
 71 5 
 72 1 
 73 9 
 74 4 
 75 5 
 76 3 
 77 3 
 78 4 
 79 2 
 80 4 
 81 3 
 82 1 
 83 1 
 84 5 
 85 2 
 86 3 
 87 2 
 88 2 
 89 2 
 92 3 
 93 1 
 94 1 
 95 1 
 96 5 
 97 2 
 98 1 
 99 1 
 100 2 
 101 1 
 103 1 
 105 1 
 106 1 
 107 1 
 108 3 
 109 1 
 110 1 
 111 3 
 113 2 
 114 3 
 116 2 
 117 1 
 119 1 
 121 2 
 123 3 
 124 1 
 125 2 
 127 1 
 128 2 
 129 1 
 130 3 
 131 1 
 137 1 
 138 1 
 139 1 
 140 1 
 142 2 
 143 1 
 144 1 
 145 1 
 147 1 
 148 1 
 149 1 
 151 1 
 158 1 
 164 1 
 166 2 
 171 2 
 172 1 
 175 1 
 176 1 
 181 1 
 182 1 
 184 1 
 193 1 
 194 1 
 195 2 
 202 2 
 203 1 
 219 1 
 220 1 
 222 1 
 227 1 
 242 1 
 262 1 
 285 1 
 289 1 
 291 1 
 305 1 
 310 1 
 339 1 
 404 1 
 488 1 
 605 1 
 693 1 
 716 1 
 1201 1 
 1659 1 
 7153 1 
