220014 
220091 
220179 
220278 
220421 
220574 
220610 
220685 
220692 
220806 
220809 
220810 
220814 
220824 
220871 
220890 
220891 
221021 
221069 
221109 
221117 
221118 
221123 
221515 
221637 
221652 
221796 
221799 
221812 
221853 
221878 
222267 
222269 
222423 
222424 
222484 
222582 
222611 
222674 
222687 
222690 
222740 
222775 
222782 
222785 
222798 
222799 
222805 
222919 
223040 
223201 
223350 
223366 
223439 
223448 
223460 
223509 
223513 
223514 
223735 
223845 
223897 
223961 
223968 
223973 
223994 
224101 
224112 
224115 
224134 
224135 
224136 
224140 
224441 
224453 
224458 
224545 
224907 
224966 
224967 
224995 
594933 
614076 
710978 
754636 
837433 
856676 
919043 
1045369 
1054733 
1093294 
