18 
32 
39 
51 
82 
269 
274 
275 
285 
320 
506 
525 
657 
786 
875 
905 
985 
992 
1011 
1029 
1063 
1122 
1158 
1237 
1239 
1253 
1363 
1386 
1484 
1680 
1718 
1729 
1739 
1830 
1954 
1955 
1993 
2097 
2188 
2212 
2213 
2408 
2418 
2419 
2424 
2438 
2442 
2443 
2454 
2682 
2691 
2763 
2831 
2844 
2913 
2921 
2924 
2930 
2995 
3122 
3145 
3162 
3270 
3388 
3393 
3398 
3401 
3478 
3509 
3618 
3620 
3628 
3630 
3644 
3815 
3823 
3832 
3835 
3849 
3945 
4057 
4061 
4072 
4168 
4264 
4313 
4318 
4330 
4332 
4572 
4573 
4579 
4586 
4742 
4799 
4807 
4828 
4993 
5019 
5023 
5031 
5037 
5058 
5059 
5261 
5286 
5302 
5505 
5525 
5528 
5602 
5762 
5770 
5775 
5786 
5793 
5843 
5858 
5937 
5950 
5968 
6010 
6018 
6023 
6097 
6158 
6173 
6189 
6245 
6251 
6258 
6259 
6277 
6280 
6502 
6507 
6542 
6719 
6720 
6722 
6724 
6727 
6757 
6758 
6763 
6907 
6963 
6992 
7157 
7199 
7204 
7216 
7396 
7455 
7463 
7476 
7547 
7598 
7635 
7696 
7710 
7925 
7938 
7939 
7943 
7957 
7966 
7993 
8168 
8174 
8177 
8181 
8187 
8259 
8307 
8367 
8411 
8413 
8421 
8422 
8582 
8583 
8673 
8677 
8702 
8736 
8891 
8902 
8932 
9143 
9155 
9194 
9254 
9298 
9371 
9438 
9572 
9592 
9595 
9597 
9610 
9722 
9778 
9827 
9864 
9870 
9871 
9975 
9985 
10095 
10142 
10227 
10305 
10312 
10320 
10321 
10329 
10330 
10419 
10435 
10475 
10552 
10556 
10561 
10568 
10572 
10573 
10577 
10588 
10604 
10666 
10797 
10809 
11021 
11023 
11045 
11076 
11292 
11296 
11298 
11303 
11522 
11742 
11747 
11760 
11766 
11769 
11791 
11903 
12024 
12049 
12074 
12152 
12198 
12275 
12459 
12704 
12712 
12717 
12719 
12920 
12921 
12926 
12928 
12937 
13162 
13200 
13392 
13470 
13496 
13666 
13667 
13668 
13671 
13868 
13886 
13888 
13895 
13902 
13905 
13906 
13907 
14024 
14061 
14114 
14353 
14361 
14370 
14373 
14397 
14469 
14587 
14604 
14790 
14798 
14842 
14849 
14936 
15038 
15042 
15052 
15054 
15131 
15277 
15292 
15494 
15727 
15752 
15851 
15910 
15969 
16073 
16201 
16206 
16420 
16425 
16428 
16429 
16447 
16569 
16629 
16636 
16641 
16648 
16664 
16727 
16856 
16902 
16907 
16913 
16922 
16937 
17030 
17383 
17393 
17592 
17594 
17599 
17602 
17778 
17825 
17840 
17841 
17844 
17858 
17864 
18035 
18214 
18229 
18236 
18254 
18336 
18344 
18523 
18576 
18578 
18583 
18677 
18816 
18830 
18957 
19022 
19034 
19036 
19044 
19045 
19047 
19154 
19250 
19273 
19274 
19279 
19284 
19287 
19324 
19505 
19517 
19760 
19777 
19848 
19987 
20247 
20478 
20479 
20589 
20693 
20738 
20742 
20744 
20746 
20820 
21001 
21203 
21207 
21226 
21471 
21481 
21492 
21494 
21497 
21518 
21567 
21615 
21692 
21713 
21765 
21928 
21929 
21939 
21940 
21954 
21960 
21981 
22168 
22173 
22197 
22420 
22421 
22431 
22626 
22648 
22661 
22665 
22677 
22696 
22697 
22703 
22899 
22902 
22908 
22918 
22973 
22982 
23003 
23049 
23055 
23131 
23143 
23147 
23155 
23169 
23364 
23406 
23551 
23595 
23603 
23607 
23612 
23613 
23639 
23796 
23802 
23814 
23815 
23900 
23940 
24017 
24043 
24055 
24058 
24096 
24268 
24278 
24290 
24295 
24304 
24418 
24481 
24534 
24538 
24575 
24645 
24773 
24774 
24779 
24972 
24974 
25023 
25167 
25241 
25258 
25454 
25458 
25555 
25575 
25583 
25640 
25712 
25735 
25903 
25982 
26002 
26479 
26480 
26695 
26702 
26734 
26737 
26760 
26784 
26789 
26801 
26806 
26808 
26809 
26846 
26849 
26850 
26851 
26852 
26886 
26918 
26928 
26929 
26938 
26950 
26996 
27003 
27044 
27045 
27046 
27047 
27048 
27057 
27065 
27074 
27089 
27150 
27191 
27192 
27197 
27220 
27221 
27236 
27237 
27249 
27255 
27256 
27257 
27275 
27367 
27432 
27704 
27886 
28336 
28497 
28914 
29347 
29631 
29688 
29750 
29858 
29938 
30099 
30294 
30426 
30499 
31014 
31221 
31310 
31347 
31386 
31454 
31477 
31482 
31492 
31528 
31533 
31619 
31627 
31939 
32283 
32364 
32384 
32410 
32454 
32529 
32583 
32610 
32649 
32652 
32661 
32669 
32674 
32675 
32676 
32677 
32682 
32710 
33182 
33338 
33339 
33428 
33442 
33448 
33472 
33663 
33682 
33726 
33740 
33784 
33821 
33823 
33841 
34331 
34342 
34539 
34564 
34607 
34796 
34826 
34847 
34883 
34884 
34894 
34911 
34932 
34943 
34947 
35194 
35286 
35659 
35777 
35830 
35884 
35896 
35962 
35971 
35981 
35990 
35991 
35998 
36011 
36044 
36048 
36055 
36077 
36084 
36085 
36088 
36532 
36791 
36805 
36836 
36903 
37039 
37058 
37083 
37113 
37137 
37149 
37158 
37163 
37190 
37789 
37946 
38001 
38164 
38172 
38173 
38183 
38199 
38225 
38236 
38251 
38267 
38271 
38275 
38308 
38313 
38320 
38331 
38950 
39053 
39119 
39173 
39204 
39294 
39328 
39358 
39373 
39400 
39428 
39433 
39446 
39481 
39482 
39488 
39491 
39494 
39925 
40204 
40225 
40437 
40438 
40478 
40514 
40539 
40543 
40551 
40583 
40584 
40590 
40594 
40595 
40599 
41086 
41292 
41312 
41352 
41484 
41515 
41572 
41594 
41595 
41600 
41611 
41613 
41619 
41663 
41677 
41683 
41712 
41713 
41716 
42163 
42291 
42461 
42480 
42482 
42553 
42609 
42664 
42714 
42747 
42754 
42781 
42797 
42821 
42846 
42850 
42851 
42950 
43209 
43337 
43355 
43691 
43793 
43896 
43897 
43915 
43919 
43945 
43947 
43953 
43954 
43966 
43989 
44000 
44007 
44583 
44646 
44694 
44856 
44882 
44894 
44910 
44919 
44920 
44921 
44935 
44957 
44999 
45012 
45013 
45014 
45027 
45052 
45073 
45181 
45472 
45548 
45814 
45821 
46019 
46098 
46123 
46137 
46138 
46153 
46774 
46930 
47080 
47162 
47169 
47175 
47205 
47214 
47235 
47239 
47279 
47684 
47707 
47740 
48025 
48124 
48127 
48263 
48288 
48291 
48310 
48334 
48344 
48375 
48384 
48387 
48388 
48409 
48415 
49264 
49269 
49342 
49368 
49407 
49437 
49474 
49501 
49538 
50006 
50017 
50147 
50179 
50343 
50370 
50373 
50470 
50484 
50501 
50570 
50586 
50607 
50612 
50613 
50618 
50623 
50656 
50658 
50675 
51059 
51231 
51311 
51338 
51383 
51395 
51448 
51449 
51537 
51575 
51593 
51654 
51666 
51669 
51680 
51681 
51686 
51713 
51735 
51754 
51757 
51762 
51997 
52248 
52485 
52528 
52733 
52819 
52828 
52830 
52854 
52857 
52862 
52863 
52877 
52921 
52922 
53007 
53361 
53364 
53506 
53688 
53770 
53791 
53857 
53879 
53891 
53903 
53920 
53953 
53958 
53960 
53975 
54001 
54011 
54012 
54021 
54326 
54448 
54505 
54586 
54672 
54703 
54958 
54959 
55023 
55033 
55058 
55065 
55071 
55072 
55107 
55108 
55109 
55115 
55160 
55369 
55689 
55713 
55789 
55999 
56053 
56059 
56114 
56124 
56821 
56864 
56992 
57033 
57058 
57095 
57114 
57138 
57174 
57218 
57246 
57249 
57286 
57392 
57621 
57933 
57953 
57978 
58076 
58122 
58130 
58177 
58193 
58235 
58286 
58316 
58325 
58547 
58580 
58777 
59074 
59077 
59169 
59174 
59180 
59286 
59292 
59309 
59313 
59374 
59385 
59410 
59421 
59422 
59436 
59456 
59460 
59465 
59466 
59481 
60038 
60206 
60241 
60253 
60317 
60396 
60536 
60605 
60607 
60609 
60895 
61070 
61121 
61314 
61328 
61433 
61500 
61561 
61567 
61635 
61685 
61686 
61689 
61697 
61724 
61747 
61815 
62207 
62324 
62448 
62536 
62601 
62637 
62639 
62658 
62829 
62830 
62836 
62837 
62875 
63251 
63313 
63501 
63687 
63705 
63764 
63780 
63845 
63878 
63879 
63925 
63951 
63960 
63970 
64314 
64451 
64609 
64632 
64724 
64732 
64794 
64878 
64928 
64942 
64973 
64974 
64977 
64996 
65009 
65013 
65030 
65035 
65036 
65040 
65070 
65075 
65076 
65079 
65082 
65083 
65086 
65118 
65121 
65137 
65139 
65583 
65825 
65882 
65947 
66080 
66119 
66145 
66231 
66598 
66683 
66893 
66921 
66939 
66950 
67045 
67055 
67121 
67139 
67141 
67155 
67181 
67193 
67200 
67209 
67228 
67243 
67267 
67279 
67290 
67342 
67977 
68046 
68051 
68302 
68340 
68396 
68402 
68412 
68414 
68864 
68876 
68920 
68948 
69319 
69387 
69447 
69483 
69490 
70153 
70184 
70282 
70372 
70541 
70542 
70555 
70609 
70648 
70649 
70653 
70660 
70977 
71204 
71246 
71337 
71553 
71563 
71564 
71582 
71597 
71610 
71615 
71618 
71626 
71638 
71681 
71698 
71724 
71737 
71815 
71822 
72126 
72167 
72172 
72379 
72453 
72522 
72636 
72649 
72662 
72679 
72685 
72716 
72747 
72758 
72761 
72796 
72798 
72811 
72818 
72881 
73132 
73209 
73243 
73372 
73467 
73532 
73543 
73555 
73556 
73568 
73702 
73771 
73788 
73793 
73825 
73833 
73864 
73910 
73950 
73955 
73956 
73957 
73958 
74430 
74709 
74925 
74942 
74954 
74961 
74962 
74994 
75003 
75018 
75020 
75048 
75052 
75053 
75054 
75371 
75737 
75783 
75915 
76071 
76082 
76104 
76113 
76163 
76177 
76178 
76269 
76594 
76750 
76783 
76814 
76842 
76852 
76853 
77131 
77159 
77169 
77171 
77172 
77189 
77193 
77229 
77230 
77242 
77251 
77286 
77295 
77836 
77838 
77849 
77921 
77988 
78070 
78133 
78177 
78189 
78296 
78316 
78353 
78372 
78403 
78741 
78884 
79146 
79157 
79174 
79220 
79325 
79354 
79355 
79375 
79376 
79393 
79398 
79423 
79431 
79439 
79455 
79475 
79477 
79492 
79493 
79505 
79506 
79514 
80122 
80248 
80273 
80382 
80465 
80478 
80542 
80543 
80548 
80596 
80599 
80630 
80635 
80636 
80641 
80649 
81080 
81142 
81193 
81276 
81326 
81337 
81402 
81515 
81607 
81621 
81629 
81684 
81717 
81731 
81735 
81766 
81768 
81771 
81774 
81775 
82230 
82447 
82529 
82602 
82763 
82780 
82838 
82842 
82866 
82868 
82911 
82918 
82921 
82931 
83346 
83584 
83635 
83686 
83915 
83967 
84018 
84019 
84396 
84600 
84639 
84800 
84931 
85023 
85084 
85089 
85102 
85106 
85114 
85133 
85141 
85142 
85795 
85859 
85882 
85921 
86048 
86061 
86092 
86099 
86165 
86170 
86173 
86224 
86256 
86262 
86263 
86264 
86681 
86686 
86861 
86890 
86925 
87116 
87319 
87323 
87329 
87331 
87334 
87352 
87786 
87787 
87990 
88018 
88187 
88282 
88328 
88380 
88386 
88395 
88452 
88461 
88874 
88898 
88904 
89129 
89146 
89155 
89242 
89299 
89389 
89431 
89464 
89550 
89589 
89601 
90041 
90335 
90385 
90386 
90487 
90516 
90531 
90532 
90562 
90604 
90616 
90622 
90624 
90629 
90657 
90660 
90704 
90709 
90779 
91076 
91589 
91618 
91666 
91683 
91693 
91719 
91720 
91721 
91727 
91735 
91759 
91787 
91799 
91836 
92314 
92783 
92822 
92897 
92908 
92933 
92946 
92974 
92984 
92987 
93024 
93594 
93805 
93809 
93863 
93902 
93976 
94010 
94053 
94064 
94068 
94079 
94104 
94105 
94106 
94111 
94116 
94421 
94511 
94781 
94957 
95090 
95133 
95151 
95169 
95195 
95227 
95255 
95257 
95260 
95330 
95984 
96203 
96231 
96234 
96255 
96277 
96310 
96312 
96317 
96765 
96875 
96991 
97106 
97184 
97244 
97264 
97265 
97266 
97321 
97332 
97358 
97360 
97363 
97367 
97371 
97404 
97412 
97413 
97847 
98084 
98125 
98129 
98279 
98289 
98390 
98411 
98431 
98435 
98441 
98471 
98472 
98489 
98543 
98764 
99196 
99239 
99414 
99428 
99441 
99504 
99525 
99535 
99536 
99554 
99556 
99581 
99589 
99593 
99670 
99739 
99945 
100042 
100051 
100315 
100536 
100548 
100564 
100631 
100658 
100660 
100791 
101079 
101103 
101343 
101369 
101375 
101376 
101450 
101503 
101507 
101585 
101669 
101688 
101691 
101697 
101702 
101706 
101708 
101712 
101730 
101749 
101828 
102149 
102393 
102398 
102429 
102533 
102555 
102681 
102686 
102743 
102747 
102766 
102783 
102790 
102795 
103427 
103472 
103493 
103601 
103662 
103735 
103840 
103841 
103896 
103900 
103901 
103905 
103907 
103944 
104316 
104373 
104406 
104415 
104640 
104755 
104890 
104946 
104974 
104975 
104988 
105012 
105024 
105059 
105061 
105368 
105952 
105997 
106020 
106100 
106117 
106157 
106600 
106788 
106899 
106956 
107114 
107130 
107143 
107144 
107149 
107167 
107170 
107172 
107201 
107206 
107212 
107285 
107668 
107796 
107863 
107939 
108133 
108151 
108193 
108213 
108255 
108257 
108265 
108310 
108314 
108767 
108892 
108939 
108946 
109168 
109265 
109267 
109268 
109304 
109306 
109339 
109345 
109355 
109394 
109398 
109405 
109632 
109875 
109885 
109997 
110071 
110072 
110096 
110150 
110154 
110294 
110314 
110410 
110412 
110429 
110445 
110475 
110476 
110489 
110854 
110914 
111221 
111361 
111422 
111433 
111452 
111488 
111494 
111536 
111544 
111881 
111933 
111970 
111987 
112125 
112216 
112255 
112260 
112275 
112506 
112582 
112587 
112592 
112616 
112621 
112622 
112629 
113103 
113280 
113301 
113306 
113339 
113358 
113460 
113552 
113553 
113589 
113603 
113610 
113626 
113629 
113662 
113706 
113707 
113721 
113723 
113736 
114181 
114296 
114412 
114654 
114674 
114687 
114691 
114757 
114762 
114764 
114790 
114797 
114804 
114929 
115103 
115546 
115552 
115624 
115665 
115692 
115737 
115767 
115777 
115778 
115786 
115840 
115879 
115930 
115932 
115967 
116155 
116325 
116353 
116504 
116513 
116588 
116630 
116632 
116701 
116781 
116837 
116843 
116887 
116910 
116936 
116945 
116973 
116982 
116997 
116998 
117001 
117029 
117089 
117474 
117753 
117877 
117888 
117969 
118031 
118056 
118058 
118090 
118097 
118100 
118177 
118460 
118574 
118632 
118726 
118733 
118850 
118964 
118976 
119011 
119163 
119175 
119188 
119191 
119821 
119870 
120050 
120255 
120274 
120278 
120294 
120298 
120299 
120311 
120312 
120313 
120315 
120337 
120338 
120348 
120349 
120350 
120355 
120943 
121033 
121050 
121073 
121077 
121101 
121201 
121218 
121243 
121246 
121257 
121282 
121287 
121301 
121309 
121346 
121390 
121392 
121393 
121396 
121419 
121427 
121429 
121437 
121912 
122345 
122420 
122436 
122442 
122443 
122480 
122490 
122491 
122492 
122529 
122561 
122568 
122654 
122792 
122956 
123288 
123296 
123324 
123396 
123469 
123471 
123539 
123540 
123541 
123567 
123642 
123664 
123669 
123677 
123698 
123702 
123703 
123706 
123711 
123787 
123985 
124044 
124149 
124171 
124385 
124420 
124525 
124528 
124532 
124704 
124709 
124710 
124716 
124736 
124764 
124774 
124823 
125756 
125765 
125810 
125841 
125897 
125905 
125906 
125911 
125924 
125958 
125959 
125962 
126003 
126297 
126432 
126708 
126722 
126902 
126920 
126969 
126982 
126983 
127001 
127004 
127045 
127046 
127078 
127082 
127085 
127168 
127446 
127790 
127998 
128023 
128056 
128070 
128143 
128151 
128181 
128190 
128654 
128672 
129174 
129201 
129270 
129278 
129286 
129295 
129297 
129305 
129306 
129342 
129346 
129729 
129801 
129988 
130014 
130036 
130042 
130334 
130358 
130394 
130402 
130438 
130439 
130837 
131154 
131155 
131334 
131373 
131392 
131411 
131423 
131425 
131451 
131536 
131562 
131563 
131568 
131574 
132011 
132031 
132033 
132163 
132261 
132338 
132390 
132394 
132511 
132587 
132614 
132661 
132669 
132670 
132678 
132679 
132690 
132712 
132713 
132715 
133110 
133336 
133432 
133466 
133590 
133617 
133653 
133678 
133710 
133715 
133755 
133760 
133761 
133770 
133796 
133804 
133810 
134086 
134299 
134342 
134643 
134760 
134830 
134936 
134941 
134946 
134948 
134960 
134991 
134993 
134996 
134997 
135003 
135637 
135699 
135740 
136046 
136059 
136100 
136107 
136110 
136137 
136773 
136834 
136972 
137175 
137205 
137237 
137262 
137725 
137920 
137948 
138196 
138217 
138294 
138318 
138328 
138368 
138374 
138380 
138381 
138382 
138383 
139062 
139106 
139136 
139170 
139398 
139428 
139478 
139511 
139513 
139515 
140310 
140418 
140484 
140485 
140486 
140510 
140616 
140617 
141020 
141249 
141339 
141409 
141625 
141659 
141661 
141706 
141712 
141742 
142368 
142456 
142457 
142616 
142732 
142746 
142755 
142766 
142787 
142793 
142806 
142814 
142837 
142880 
143462 
143561 
143721 
143779 
143815 
143826 
143830 
143844 
143867 
143873 
143881 
143907 
143913 
143916 
143921 
144320 
144519 
144598 
144629 
144646 
144648 
144690 
144862 
144863 
144884 
144971 
144984 
145008 
145015 
145018 
145023 
145024 
145025 
145026 
145031 
145482 
145504 
145700 
145787 
145789 
145801 
145862 
145866 
146027 
146048 
146066 
146141 
146151 
146278 
146605 
146830 
146930 
146995 
147006 
147010 
147110 
147114 
147129 
147160 
147162 
147166 
147196 
147204 
147239 
147246 
147697 
147745 
147892 
148059 
148142 
148159 
148162 
148277 
148278 
148284 
148291 
148330 
148418 
148796 
149023 
149073 
149165 
149193 
149227 
149249 
149281 
149284 
149302 
149339 
149340 
149383 
149393 
149414 
149418 
149459 
149918 
149929 
150146 
150239 
150361 
150378 
150450 
150452 
150453 
150472 
150481 
150489 
150501 
150544 
150697 
150800 
151001 
151233 
151457 
151460 
151487 
151577 
151579 
151587 
151639 
151729 
151970 
152101 
152305 
152344 
152378 
152440 
152573 
152580 
152632 
152655 
152664 
152665 
152671 
152691 
152699 
152717 
152742 
155030 
155809 
156828 
156912 
156967 
156971 
156974 
156975 
157651 
158808 
159011 
159052 
159057 
159160 
159282 
159447 
159478 
159523 
159619 
159651 
160275 
161780 
162255 
162256 
162284 
162397 
162417 
163249 
163300 
163607 
163608 
163609 
163610 
163634 
163692 
163705 
163706 
163716 
163719 
163730 
163731 
163739 
163770 
163828 
163854 
163934 
164045 
164058 
164265 
164353 
164354 
164415 
164421 
164499 
164606 
164623 
164752 
164753 
164874 
164895 
165447 
165450 
165472 
165475 
165514 
165540 
165541 
165542 
165604 
165605 
165932 
165963 
166192 
166327 
166473 
166475 
166479 
166480 
166597 
166598 
166963 
167058 
167154 
167169 
167237 
167238 
167289 
167290 
167407 
167826 
167829 
167925 
168006 
168038 
168258 
168259 
168371 
168372 
168373 
168374 
168377 
168387 
168525 
168526 
168712 
168713 
168714 
168715 
168748 
168749 
168750 
168781 
168782 
168875 
168938 
168939 
168940 
168941 
169016 
169060 
169061 
169185 
169186 
169187 
169203 
169242 
169243 
169326 
169327 
169328 
169453 
169454 
169537 
169538 
169539 
169567 
169568 
169569 
169570 
169603 
169604 
169625 
169626 
169627 
169632 
169643 
169717 
169718 
169719 
169720 
169823 
169824 
170065 
170066 
170067 
170116 
170117 
170158 
170172 
170173 
170174 
170175 
170176 
170177 
170178 
170218 
170219 
170256 
170257 
170258 
170259 
170268 
170269 
170308 
170325 
170326 
170331 
170338 
170343 
170399 
170400 
170423 
170447 
170448 
170449 
170450 
170463 
170464 
170465 
170489 
170511 
170512 
170513 
170535 
170536 
170537 
170538 
170558 
170818 
170901 
170902 
170903 
170904 
170921 
170922 
170923 
170953 
170954 
170955 
170979 
170980 
171022 
171031 
171032 
171033 
171034 
171035 
171040 
171041 
171078 
171079 
171082 
171087 
171088 
171089 
171090 
171091 
171096 
171097 
171098 
171100 
171146 
171167 
171171 
171172 
171221 
171451 
172126 
172467 
173406 
173476 
173559 
173563 
173581 
173628 
173670 
173989 
174082 
174128 
174237 
174238 
174239 
174308 
174313 
174325 
174422 
174449 
174465 
174502 
174521 
174524 
174525 
174546 
174705 
175000 
175020 
175089 
175292 
175306 
175319 
175374 
175698 
175722 
175725 
175778 
175791 
175861 
175925 
175938 
175943 
175953 
175965 
175973 
175996 
176089 
176106 
176119 
176145 
176157 
176233 
176239 
176255 
176329 
176345 
176357 
176940 
176995 
177019 
177225 
177257 
177273 
177317 
177328 
177350 
177391 
177477 
177499 
177500 
177585 
177640 
177648 
177727 
177786 
177817 
177822 
177872 
177900 
178039 
178046 
178165 
178179 
178360 
178502 
178524 
178579 
178592 
178600 
178637 
178643 
179005 
179071 
179072 
179079 
179094 
179125 
179133 
179196 
179252 
179288 
179332 
179358 
179412 
179426 
179462 
179520 
179538 
179559 
179562 
179563 
179747 
179799 
179806 
179812 
179818 
179826 
180121 
180237 
180261 
180641 
180661 
180687 
180691 
180741 
180766 
180855 
180883 
180958 
180970 
181003 
181040 
181083 
181091 
181204 
181206 
181231 
181258 
181259 
181453 
181471 
181523 
181614 
181836 
181882 
181939 
181941 
182180 
182291 
182313 
182329 
182330 
182351 
182364 
182400 
182489 
182515 
182530 
182537 
182549 
182562 
182611 
182716 
182768 
182801 
182804 
182889 
182909 
183037 
183293 
183441 
183547 
183560 
183595 
184026 
184129 
184138 
184139 
184149 
184167 
184187 
184232 
184245 
184263 
184264 
184313 
184357 
184400 
184414 
184415 
184436 
184443 
184476 
184477 
184504 
184559 
184576 
184765 
185185 
185243 
185550 
185565 
185608 
185671 
185862 
185907 
186131 
186158 
186191 
186250 
186480 
186481 
186745 
187378 
187402 
187406 
187439 
187448 
187510 
187566 
187578 
187590 
187592 
187596 
187629 
187795 
187810 
187825 
187851 
187868 
187884 
187927 
187991 
188463 
188851 
188877 
189021 
189051 
189110 
189111 
189206 
189211 
189228 
189246 
189258 
189297 
189308 
189314 
189321 
189418 
189429 
189430 
189435 
189456 
189486 
189499 
189564 
189659 
189699 
189754 
189766 
189775 
189802 
189805 
189985 
190141 
190266 
190278 
190344 
190374 
190381 
190574 
190644 
190703 
190711 
190751 
190857 
190914 
190918 
190942 
191085 
191115 
191129 
191177 
191228 
191240 
191268 
191272 
191348 
191350 
191433 
191497 
191509 
191519 
191520 
191575 
191796 
191797 
191938 
192277 
192401 
192402 
192416 
192564 
192615 
192622 
192637 
192813 
192824 
192846 
192873 
192886 
192927 
192952 
193031 
193083 
193395 
193398 
193487 
193561 
193566 
193617 
193622 
193631 
193767 
193908 
193937 
194008 
194186 
194187 
194189 
194190 
194191 
194199 
194208 
194398 
194408 
194414 
194426 
194427 
194457 
194532 
194533 
194564 
194614 
194677 
194687 
195138 
195305 
195641 
195648 
195774 
195807 
195861 
195872 
195873 
195924 
195948 
195976 
196021 
196022 
196045 
196061 
196066 
196076 
196100 
196200 
196201 
196328 
196429 
196481 
196502 
196628 
196824 
196924 
196958 
197011 
197368 
197480 
197604 
197615 
197632 
197635 
197711 
197712 
197713 
197744 
197752 
197837 
197946 
197964 
197966 
197986 
197989 
198052 
198176 
198204 
198225 
198267 
198290 
198455 
198473 
198616 
198681 
198705 
198712 
198724 
198744 
199016 
199120 
199138 
199174 
199217 
199302 
199329 
199333 
199394 
199449 
199453 
199455 
199529 
199536 
199593 
199594 
199621 
199644 
199646 
199756 
199866 
200056 
200125 
200139 
200228 
200245 
200406 
200583 
200672 
200743 
200807 
200843 
200888 
200970 
201026 
201027 
201056 
201098 
201304 
201333 
201339 
201529 
201545 
201572 
201776 
201879 
201986 
201990 
202065 
202263 
202296 
202380 
202388 
202395 
202399 
202409 
202420 
202480 
202613 
202630 
202853 
202931 
202939 
202948 
202951 
202953 
202981 
202982 
203077 
203169 
203303 
203587 
203639 
203971 
204002 
204018 
204030 
204038 
204081 
204082 
204205 
204215 
204229 
204262 
204378 
204421 
204442 
204490 
204491 
204635 
204652 
204663 
204741 
204769 
205018 
205054 
205203 
205208 
205258 
205290 
205555 
205572 
205588 
205621 
205631 
205691 
205797 
205798 
205799 
205853 
205854 
205866 
205888 
205916 
205933 
206001 
206058 
206070 
206107 
206108 
206164 
206176 
206182 
206189 
206204 
206233 
206281 
206287 
206359 
206916 
206920 
206922 
206970 
206977 
207038 
207303 
207334 
207343 
207366 
207368 
207438 
207495 
207591 
207598 
207607 
207622 
207631 
207635 
207649 
207836 
207857 
207863 
207881 
207944 
208001 
208003 
208030 
208071 
208081 
208179 
208274 
208383 
208543 
208607 
208674 
208683 
208689 
208725 
208917 
209040 
209054 
209064 
209190 
209191 
209312 
209356 
209366 
209409 
209442 
209451 
209472 
209504 
209520 
209547 
209578 
209579 
209591 
209592 
209818 
209835 
209836 
209856 
210262 
210283 
210340 
210343 
210684 
210718 
210727 
210736 
210747 
210850 
210874 
210875 
210880 
210889 
210894 
210906 
210966 
210967 
210975 
210981 
211094 
211103 
211107 
211133 
211138 
211157 
211204 
211212 
211213 
211227 
211241 
211278 
211345 
211375 
211485 
211881 
211901 
211923 
211987 
212148 
212221 
212253 
212297 
212334 
212380 
212397 
212401 
212424 
212456 
212638 
212666 
212673 
212757 
212783 
212806 
212813 
212934 
212971 
213076 
213141 
213155 
213449 
213477 
213524 
213581 
213605 
213714 
213877 
213892 
213897 
213904 
213928 
213947 
214009 
214014 
214164 
214252 
214310 
214345 
214370 
214483 
214558 
214624 
214698 
214702 
214703 
214716 
214949 
215150 
215168 
215459 
215492 
215584 
215658 
215666 
215671 
215673 
215766 
215821 
215823 
215847 
215906 
215975 
215989 
216023 
216042 
216055 
216056 
216088 
216099 
216277 
216709 
216717 
216774 
216874 
216879 
216897 
217170 
217230 
217272 
217300 
217312 
217350 
217453 
217454 
217455 
217522 
217525 
217558 
217559 
217597 
217601 
217658 
217715 
217764 
217769 
217790 
217894 
218062 
218063 
218224 
218552 
218560 
218623 
218757 
218875 
218965 
218973 
219157 
219165 
219181 
219234 
219237 
219307 
219380 
219395 
219407 
219483 
219485 
219486 
219517 
219622 
219731 
219761 
219994 
219999 
220014 
220091 
220179 
220278 
220421 
220574 
220610 
220685 
220692 
220806 
220809 
220810 
220814 
220824 
220871 
220890 
220891 
221021 
221069 
221109 
221117 
221118 
221123 
221515 
221637 
221652 
221796 
221799 
221812 
221853 
221878 
222267 
222269 
222423 
222424 
222484 
222582 
222611 
222674 
222687 
222690 
222740 
222775 
222782 
222785 
222798 
222799 
222805 
222919 
223040 
223201 
223350 
223366 
223439 
223448 
223460 
223509 
223513 
223514 
223735 
223845 
223897 
223961 
223968 
223973 
223994 
224101 
224112 
224115 
224134 
224135 
224136 
224140 
224441 
224453 
224458 
224545 
224907 
224966 
224967 
224995 
493062 
493168 
493171 
493181 
493193 
493218 
493235 
493241 
493244 
493247 
493388 
493670 
493733 
493803 
494118 
494156 
495733 
495980 
496164 
496245 
498565 
498807 
498870 
498938 
499113 
499890 
500081 
500855 
501484 
501491 
501512 
501611 
501774 
501884 
502456 
502906 
507182 
508832 
508982 
509451 
509886 
510519 
512852 
512882 
513047 
513438 
514214 
515161 
515529 
515952 
515972 
516321 
516386 
516752 
516758 
516879 
516890 
516892 
516971 
516988 
517015 
517093 
517278 
517574 
517588 
517637 
517677 
517936 
518107 
518484 
518514 
518544 
518692 
519522 
519534 
519553 
519643 
519768 
519924 
519926 
519977 
520643 
520652 
520847 
520970 
521064 
521138 
521198 
522071 
522243 
522299 
522491 
522621 
522631 
522874 
523565 
523658 
523682 
523693 
523709 
523782 
523887 
523899 
523959 
523963 
524090 
524271 
524301 
524303 
524416 
524484 
524909 
524917 
525061 
525251 
527919 
528035 
528051 
528349 
528518 
528625 
528629 
528717 
528880 
528901 
528984 
529056 
529108 
529334 
529451 
529501 
529527 
529567 
529574 
529618 
529654 
529655 
529662 
529709 
529711 
529738 
529743 
529760 
529838 
529857 
529870 
529871 
529955 
529956 
529971 
529973 
529999 
530074 
530154 
530217 
530225 
530777 
530781 
530782 
530783 
530811 
530812 
530916 
530917 
530920 
530921 
531456 
531515 
531586 
531611 
531618 
531629 
531630 
531647 
531649 
531662 
531679 
531683 
531684 
531685 
531691 
531727 
531733 
531741 
531749 
531752 
531779 
531807 
531823 
532263 
532414 
532416 
532423 
532490 
532523 
532537 
532611 
532684 
532882 
532912 
532995 
533010 
533078 
533493 
533694 
533777 
534123 
534235 
534405 
534481 
541925 
542003 
542022 
542028 
542094 
542103 
542279 
542358 
542567 
542898 
542903 
542904 
544374 
544613 
545440 
545443 
545698 
545737 
547755 
547958 
549169 
551442 
553135 
553159 
553286 
553323 
553643 
553820 
555129 
555800 
556849 
580977 
581468 
581714 
581731 
581813 
582059 
582122 
582157 
582376 
582441 
582499 
582557 
582562 
582566 
582617 
582646 
583077 
583863 
586554 
586557 
586862 
586919 
587279 
587321 
587385 
587454 
587463 
590176 
590842 
590860 
591014 
591219 
591268 
591877 
591906 
591907 
592049 
592050 
592053 
592923 
593218 
594865 
594933 
595077 
595091 
595698 
595924 
596193 
596605 
596635 
596681 
596690 
596709 
596793 
596826 
596888 
596890 
599456 
599602 
599648 
600680 
600901 
601041 
601083 
601435 
601537 
601631 
601656 
601913 
604283 
604946 
605879 
606272 
606394 
606396 
606400 
606404 
606444 
606512 
606520 
606584 
606986 
610192 
610415 
610583 
610851 
610873 
610900 
611147 
611165 
611247 
611286 
611287 
611290 
611890 
611972 
611993 
612630 
614076 
614698 
615271 
615402 
615620 
615906 
615923 
615972 
616022 
616057 
616067 
616091 
616603 
616608 
616617 
618741 
618861 
619045 
619078 
619438 
619790 
620084 
620205 
620456 
620727 
620792 
620793 
620856 
620940 
620964 
621489 
621782 
622133 
622268 
622515 
623745 
623981 
624881 
624883 
624966 
625101 
625612 
625680 
625708 
625796 
626396 
626576 
628548 
628899 
628955 
629685 
629714 
629800 
630107 
630548 
630550 
631168 
634471 
634793 
634802 
634925 
635336 
635373 
635385 
635417 
635475 
635920 
638059 
638991 
639624 
639777 
639963 
639975 
640063 
640145 
640147 
640148 
640230 
640322 
642825 
642853 
643169 
643877 
644483 
644818 
644827 
644832 
644872 
644917 
644920 
645536 
645818 
645821 
646209 
646240 
647769 
649398 
649695 
649704 
649764 
649869 
649893 
650674 
651088 
651523 
652678 
653698 
653723 
653845 
654257 
654553 
654598 
654716 
654724 
654775 
655480 
655580 
655615 
657593 
657791 
657849 
658763 
658987 
659463 
659511 
659518 
659618 
659730 
660152 
660194 
662498 
662616 
663512 
663614 
663731 
663997 
664128 
664505 
664561 
665094 
669337 
669420 
669472 
669476 
670615 
673345 
673354 
673376 
673616 
674021 
674115 
674127 
674293 
676978 
677055 
677957 
678204 
678221 
678296 
678661 
678991 
679020 
679024 
679040 
679082 
679097 
679239 
682941 
683238 
683759 
683803 
683810 
683932 
687383 
687621 
687703 
687712 
687720 
687727 
687746 
687841 
687926 
688482 
688497 
688609 
688669 
688675 
689829 
690239 
691754 
691757 
692741 
692848 
693092 
693140 
693344 
693522 
693660 
694166 
694779 
697530 
697551 
697634 
698181 
698272 
698364 
698411 
701016 
701966 
701989 
702465 
702700 
702705 
702732 
702822 
702849 
702851 
703017 
703018 
703040 
703108 
703209 
703219 
703223 
703794 
706382 
707491 
707512 
707514 
707568 
707667 
707713 
708004 
708021 
708027 
708079 
708135 
708174 
708201 
709298 
709327 
710820 
710845 
710960 
710978 
712169 
712198 
712249 
712412 
712586 
712845 
712911 
712939 
712991 
712999 
713043 
713622 
714006 
714654 
715739 
716610 
716757 
716986 
716999 
717016 
717393 
717464 
717646 
717707 
717725 
717782 
717836 
717870 
719177 
720646 
720961 
721020 
721830 
721853 
722239 
722524 
722613 
722727 
722734 
722743 
723294 
725504 
725511 
725575 
726584 
726698 
727229 
727263 
727266 
727667 
727675 
727702 
727936 
728221 
728265 
728506 
730330 
730563 
730663 
730743 
731381 
731678 
732154 
732363 
732409 
732451 
732555 
733146 
735341 
736434 
736808 
736827 
737141 
737164 
737254 
737257 
737306 
737343 
737356 
737384 
738451 
739962 
740272 
740448 
741196 
741227 
741315 
741908 
742613 
742641 
742817 
743098 
743241 
744761 
745226 
745658 
745882 
746089 
746090 
746202 
746295 
746384 
746403 
746454 
746474 
746780 
746820 
746826 
746843 
746849 
746890 
746938 
746941 
746943 
746944 
747024 
747156 
749835 
750937 
750940 
751096 
751672 
751678 
751716 
751761 
751766 
751769 
752366 
752372 
752921 
754463 
754479 
754517 
754521 
754607 
754636 
755599 
755678 
755688 
755887 
755891 
756312 
756330 
756340 
756399 
756434 
756473 
756530 
756535 
756570 
759280 
759437 
759775 
760761 
760772 
761169 
761241 
761283 
761330 
761552 
762116 
762210 
762580 
764116 
764142 
764227 
764903 
764944 
764988 
765640 
765678 
765907 
766099 
766129 
766140 
766149 
766178 
766188 
766451 
766855 
769102 
769300 
769306 
769341 
770322 
770367 
770631 
770979 
770981 
770986 
770987 
771034 
771068 
771073 
771169 
773798 
774116 
774865 
775062 
775517 
775519 
775523 
775725 
775807 
775829 
775922 
776478 
776572 
777125 
778701 
778764 
778860 
778988 
780224 
780236 
780309 
780696 
780741 
780848 
780971 
783595 
783643 
783676 
783907 
785130 
785207 
785299 
785364 
785373 
785600 
785618 
785666 
785685 
785784 
785884 
785964 
789107 
789469 
789975 
790008 
790040 
790217 
790313 
790338 
790566 
790645 
790715 
790753 
790756 
790842 
791355 
791389 
791428 
793652 
793963 
793996 
794525 
794816 
794882 
795205 
795321 
795486 
795487 
795607 
795614 
795649 
795726 
796500 
798333 
798349 
798432 
798676 
799635 
799660 
799864 
800046 
800279 
801405 
804027 
804790 
804852 
804869 
804902 
805176 
805183 
805198 
805278 
805281 
805288 
805293 
806745 
807919 
807991 
808068 
808154 
808388 
809190 
809461 
809587 
809795 
809804 
809909 
810006 
810015 
810073 
810678 
811181 
811296 
813613 
813925 
814223 
814647 
814659 
814736 
814748 
814956 
815529 
815568 
817574 
817680 
817861 
817977 
818399 
818860 
819114 
819652 
819672 
819699 
819700 
819707 
819756 
820999 
822452 
822474 
823839 
824443 
824622 
824675 
825163 
825207 
825288 
825309 
827399 
827495 
827681 
828533 
828700 
828797 
829088 
829372 
829577 
830086 
830694 
830801 
832561 
833527 
833888 
834148 
834197 
834206 
834260 
834341 
834348 
834349 
834352 
834356 
834425 
834933 
835525 
836979 
837144 
837433 
837934 
838263 
838387 
838808 
838985 
839045 
839065 
839087 
839137 
839144 
839147 
839217 
839221 
839247 
840016 
840345 
841834 
841989 
842003 
842283 
843471 
843533 
843644 
843803 
843820 
843954 
843967 
844015 
844031 
844055 
844671 
845249 
846795 
846852 
847158 
848275 
848311 
848327 
848342 
848879 
849002 
850251 
851687 
851724 
852530 
852839 
852901 
852928 
853043 
853230 
853277 
853510 
853547 
853697 
853781 
853849 
854293 
854453 
854459 
854928 
856499 
856546 
856676 
856857 
857028 
857388 
857793 
857808 
858197 
858253 
858297 
858437 
858459 
858518 
858519 
858541 
858549 
858632 
858638 
858647 
858648 
858718 
858890 
861461 
861918 
862446 
862552 
862614 
862641 
862880 
863021 
863275 
863346 
863353 
863364 
863455 
863465 
863467 
863551 
863552 
863565 
863603 
864052 
864149 
864521 
866191 
866273 
866366 
866632 
867506 
867696 
867809 
867834 
867897 
868139 
868253 
869382 
870992 
872143 
872147 
872220 
872561 
872850 
872852 
872934 
872937 
873057 
875645 
875825 
875959 
876939 
877024 
877025 
877357 
877412 
877468 
877689 
877719 
877771 
877797 
877836 
877838 
877886 
877895 
877926 
877957 
877959 
878585 
879112 
880556 
880558 
880616 
880665 
881770 
881852 
882215 
882662 
882701 
882702 
882710 
882798 
883306 
883603 
885365 
885487 
886414 
886628 
886703 
887330 
887333 
887381 
887421 
887983 
888004 
888614 
888764 
890352 
891475 
891829 
891958 
891978 
892140 
892142 
892144 
892227 
894852 
894864 
896186 
896377 
896856 
896889 
896957 
897003 
897004 
897009 
899742 
899854 
900429 
900976 
900989 
901191 
901737 
901771 
901946 
902429 
902520 
903090 
904547 
904624 
904676 
904768 
906270 
906378 
906528 
906574 
906584 
906608 
906695 
906703 
909493 
909628 
909755 
909801 
910765 
910780 
910953 
911404 
911422 
911431 
911485 
911501 
911504 
911505 
911506 
911512 
912007 
912211 
912674 
914144 
914207 
914496 
914511 
914683 
915142 
915437 
915521 
915525 
915727 
915813 
915872 
915880 
916086 
916092 
916188 
916229 
916320 
919015 
919043 
919380 
920022 
920164 
920165 
920222 
920407 
920564 
920595 
921020 
921746 
921787 
924223 
924663 
925109 
925795 
925847 
925905 
925919 
925937 
926561 
926763 
927155 
929496 
930188 
930329 
930648 
930667 
930668 
930706 
930707 
930711 
930716 
930717 
930721 
930788 
931342 
931941 
933421 
934355 
934683 
934737 
935283 
935382 
935409 
935485 
935500 
935522 
935525 
935600 
935604 
936236 
938210 
938515 
938730 
939797 
939915 
939951 
939954 
940016 
940212 
940223 
940402 
940404 
940407 
940408 
940410 
940414 
940418 
940574 
940992 
941005 
941606 
941629 
943130 
943146 
943147 
943609 
944022 
944040 
944639 
944744 
945203 
945262 
945874 
945889 
946497 
946603 
946643 
948221 
948610 
949391 
949880 
949884 
950055 
950140 
950161 
950210 
950249 
950254 
950402 
950875 
950976 
953990 
954132 
954146 
954261 
954380 
955077 
955123 
955136 
955780 
955821 
957902 
958525 
958899 
959200 
959757 
959780 
959832 
959935 
959936 
960022 
960514 
960559 
960658 
961144 
962644 
962778 
963897 
963914 
964015 
964070 
964164 
964262 
964504 
964591 
964592 
964709 
964715 
964759 
964823 
967427 
967436 
967438 
967971 
968806 
969178 
969254 
969386 
969446 
969479 
969674 
969761 
973758 
973814 
973907 
974055 
974189 
974481 
974533 
974534 
974535 
975100 
975230 
977626 
978552 
978584 
978731 
978747 
978915 
979220 
980497 
982502 
982571 
983252 
983717 
984004 
984005 
984044 
984107 
984197 
984273 
984664 
985636 
986823 
988009 
988366 
988516 
988555 
988563 
988793 
988830 
988857 
989038 
989590 
989781 
991879 
991896 
992861 
992976 
993003 
993006 
993015 
993445 
993499 
993678 
993807 
993883 
993892 
993946 
996579 
997049 
997885 
998050 
998351 
998688 
998692 
998737 
998836 
998840 
999349 
999409 
1001848 
1001901 
1002806 
1002818 
1003248 
1003677 
1003799 
1004295 
1004301 
1006384 
1006385 
1006421 
1007685 
1007714 
1007740 
1007824 
1007985 
1008047 
1008064 
1008155 
1008328 
1008421 
1008483 
1008558 
1011187 
1011481 
1012596 
1012631 
1013169 
1013182 
1013219 
1013287 
1013295 
1014138 
1016018 
1016080 
1016322 
1017229 
1017295 
1017332 
1017485 
1017533 
1017653 
1017711 
1018008 
1018016 
1018114 
1018161 
1018188 
1018223 
1020845 
1020852 
1022067 
1022251 
1022497 
1022854 
1022899 
1022904 
1022911 
1023496 
1025683 
1025995 
1026924 
1027023 
1027074 
1027365 
1027397 
1027598 
1027637 
1027678 
1027742 
1027744 
1027835 
1027875 
1030860 
1032072 
1032147 
1032198 
1032220 
1032510 
1032536 
1032540 
1032563 
1032564 
1032567 
1032615 
1033502 
1033817 
1033910 
1035396 
1035442 
1035748 
1035756 
1035811 
1036343 
1036390 
1037007 
1037086 
1037355 
1037376 
1037392 
1037394 
1037552 
1038039 
1040497 
1041084 
1041097 
1041119 
1041427 
1041499 
1041541 
1041745 
1041789 
1042295 
1042915 
1045369 
1046155 
1046283 
1046473 
1047017 
1047035 
1047125 
1047154 
1047191 
1047201 
1049811 
1051182 
1051483 
1051545 
1051744 
1051800 
1051827 
1051860 
1051944 
1052042 
1052628 
1052848 
1054733 
1055141 
1055739 
1055822 
1056187 
1056204 
1056381 
1056388 
1056408 
1056437 
1056645 
1056666 
1056795 
1056797 
1056798 
1056799 
1056807 
1056872 
1059565 
1059569 
1059633 
1061104 
1061171 
1061183 
1061252 
1061555 
1061561 
1061577 
1061635 
1061671 
1061677 
1061678 
1061727 
1061737 
1061826 
1062357 
1064596 
1064765 
1065314 
1065528 
1065539 
1065678 
1065692 
1065754 
1065867 
1065947 
1066257 
1066258 
1066327 
1066368 
1066520 
1066988 
1069106 
1069229 
1069285 
1069553 
1070134 
1070195 
1070350 
1070645 
1070775 
1071086 
1071159 
1071977 
1073870 
1073986 
1074340 
1075127 
1075341 
1075539 
1075583 
1075603 
1075615 
1075895 
1075923 
1075959 
1076003 
1076016 
1076060 
1076573 
1076730 
1077168 
1079596 
1079914 
1080197 
1080641 
1080722 
1080724 
1080728 
1080729 
1080734 
1080768 
1081337 
1081458 
1081973 
1081993 
1081994 
1083462 
1083486 
1083601 
1083602 
1083917 
1084545 
1084799 
1085086 
1085148 
1085340 
1085351 
1085376 
1085412 
1085484 
1085495 
1085552 
1085617 
1088283 
1088448 
1088781 
1089581 
1089736 
1089881 
1089930 
1090037 
1090465 
1090563 
1090992 
1093196 
1093223 
1093226 
1093294 
1094420 
1094672 
1094813 
1094855 
1095121 
1095129 
1095135 
1095353 
1095358 
1095793 
1095818 
1096422 
1097993 
1098575 
1098939 
1099179 
1099197 
1099198 
1099374 
1099525 
1099813 
1099825 
1099836 
1099897 
1099918 
1099968 
1100011 
1100024 
1100033 
1100738 
1101219 
1102918 
1103803 
1104000 
1104329 
1104418 
1104503 
1104580 
1104726 
1104788 
1104864 
1104906 
1104913 
1105018 
1105506 
1106155 
1106353 
1107605 
1107636 
1107746 
1108592 
1109088 
1109365 
1109655 
1109748 
1109754 
1110379 
1112435 
1112488 
1112623 
1112697 
1112709 
1112725 
1112733 
1112740 
1112741 
1112751 
1112804 
1112823 
1113055 
1113391 
1113516 
1113517 
1113687 
1114049 
1114085 
1114176 
1114220 
1114239 
1114275 
1114383 
1115648 
1115803 
1115841 
1116026 
1116027 
1116197 
1116430 
1116531 
1116625 
1116629 
1116761 
1116840 
1116873 
1116952 
1116954 
1117053 
1117101 
1117134 
1117183 
1117191 
1117198 
1117222 
1117275 
1117292 
1117715 
1117730 
1117813 
1117884 
1117934 
1118079 
1119006 
1119012 
1119239 
1119588 
1119591 
1119616 
1120127 
1120147 
1120278 
1120447 
1120641 
1121019 
1121020 
1121108 
1121292 
1121643 
1122014 
1122125 
1122197 
1122277 
1122419 
1122421 
1122433 
1122441 
1122488 
1122509 
1122552 
1122626 
1122719 
1122776 
1122785 
1122804 
1122810 
1122991 
1123096 
1123435 
1123448 
1123614 
1123751 
1123774 
1123928 
1124006 
1124304 
1124386 
1124937 
1124942 
1124943 
1124964 
1125042 
1125172 
1125237 
1125409 
1125422 
1125545 
1125698 
1125700 
1126187 
1126284 
1126305 
1126354 
1126442 
1126516 
1126593 
1126644 
1126654 
1126903 
1126909 
1127297 
1127387 
1127505 
1127642 
1128059 
1128094 
1128135 
1128394 
1128395 
1128617 
1128701 
1128724 
1128922 
1129001 
1129102 
1129140 
1129147 
1129260 
1129315 
1129333 
1129447 
1129806 
1129925 
1129960 
1130035 
1130052 
1130198 
1130282 
1130356 
1130428 
1130561 
1130637 
1130647 
1130731 
1130806 
1131630 
1131655 
1131888 
1131944 
1132037 
1132492 
1132500 
1132558 
1132589 
1133274 
1133420 
1133623 
1133666 
1133811 
1133884 
1133930 
1134075 
1134090 
1134268 
1135152 
1135360 
1135447 
1135468 
1135530 
1135531 
1135583 
1136157 
1136310 
1136444 
1136721 
1136978 
1137032 
1137043 
1137058 
1137064 
1137268 
1137682 
1138352 
1138498 
1554385 
1554431 
1554432 
1554565 
1554625 
1554756 
1555084 
1555090 
1555181 
1555331 
1555439 
1555741 
1579120 
1579326 
1579470 
1579652 
1579778 
1579821 
1579828 
1579849 
1580112 
1580373 
1603843 
1603987 
1604039 
1604048 
1604270 
1604325 
1604330 
1604338 
1604366 
1604536 
1604646 
1604877 
1604960 
1605239 
1628536 
1628594 
1628642 
1628810 
1628956 
1628975 
1629010 
1629024 
1629074 
1629075 
1629282 
1629337 
1629619 
1653361 
1653640 
1653769 
1653802 
1653898 
1653909 
1653922 
1654031 
1654421 
1677635 
1677920 
1677976 
1677999 
1678002 
1678065 
1678069 
1678288 
1678386 
1678432 
1678780 
1702148 
1702149 
1702230 
1702389 
1702455 
1702563 
1702841 
1702851 
1702858 
1703041 
1703043 
1703073 
1703386 
1703466 
1703535 
1726886 
1726893 
1727391 
1727524 
1727631 
1727718 
1727789 
1727791 
1727804 
1728049 
1728284 
1751886 
1751898 
1751989 
1752238 
1752281 
1752484 
1752529 
1752670 
1753025 
1776752 
1777188 
1777495 
1777728 
1801118 
1801120 
1801313 
1801314 
1801318 
1801440 
1801617 
1801820 
1801865 
1801893 
1802425 
1825845 
1825974 
1826021 
1826451 
1826795 
1850344 
1850541 
1850735 
1850920 
1851185 
1851388 
1851552 
1851660 
1851722 
1875125 
1875127 
1875205 
1875208 
1875321 
1875347 
1875391 
1875500 
1875794 
1875816 
1875850 
1875886 
1875960 
1899678 
1899857 
1899872 
1899876 
1900140 
1900386 
1900448 
1900548 
1900589 
1900983 
1901019 
1924300 
1924310 
1924332 
1924483 
1924495 
1924505 
1924517 
1924663 
1924664 
1924801 
1924979 
1925244 
1925475 
1925611 
1948880 
1948939 
1949062 
1949118 
1949269 
1949420 
1949477 
1949558 
1949851 
1949885 
1950269 
1950294 
1973785 
1973937 
1974237 
1974259 
1974439 
1974631 
1974692 
1998326 
1998535 
1998542 
1998547 
1998743 
1998803 
1998858 
1998981 
1999048 
1999083 
1999142 
1999382 
2022717 
2022775 
2023117 
2023195 
2023279 
2023290 
2023315 
2023338 
2023358 
2023529 
2023577 
2023624 
2023780 
2023918 
2023919 
2023951 
2024016 
2047205 
2047417 
2047477 
2047492 
2047773 
2047832 
2047852 
2047906 
2048056 
2048090 
2048585 
2072273 
2072600 
2072763 
2072905 
2073029 
2073048 
2096542 
2096925 
2097105 
2097112 
2097196 
2097241 
2097354 
2097369 
2097400 
2097420 
2121117 
2121123 
2121314 
2121341 
2121355 
2121693 
2121747 
2121753 
2121784 
2121820 
2121822 
2121997 
2122000 
2122069 
2122383 
2122439 
2122489 
2145820 
2146016 
2146183 
2146425 
2146462 
2146549 
2146601 
2146620 
2146804 
2146985 
2170683 
2170707 
2171026 
2171053 
2171073 
2171077 
2171266 
2171353 
2171360 
2171452 
2171690 
2195538 
2195539 
2195540 
2195835 
2196215 
2196270 
2196397 
2219970 
2220110 
2220167 
2220298 
2220304 
2220419 
2220574 
2220586 
2220735 
2220750 
2220757 
2220764 
2220959 
2221008 
2244493 
2244579 
2244585 
2244806 
2245005 
2245100 
2245365 
2269432 
2269596 
2269845 
2269932 
2270206 
2270217 
2270340 
2270489 
2270528 
2270536 
2270603 
2294082 
2294090 
2294128 
2294166 
2294322 
2294355 
2294427 
2294442 
2294452 
2294468 
2294529 
2318333 
2318350 
2318378 
2318475 
2318480 
2318512 
2318572 
2318650 
2318966 
2319022 
2319028 
2319234 
2319362 
2319434 
2319554 
2319664 
2342751 
2342779 
2342896 
2342904 
2342950 
2343215 
2343233 
2343296 
2343327 
2343342 
2343355 
2343417 
2343494 
2343671 
2343970 
2343998 
2367254 
2367432 
2367473 
2367478 
2367625 
2367826 
2367882 
2367932 
2368206 
2368415 
2368463 
2391843 
2392054 
2392119 
2392242 
2392383 
2392395 
2392523 
2392530 
2392635 
2392744 
2392780 
2393070 
2416219 
2416648 
2416840 
2416950 
2416953 
2416975 
2417047 
2417052 
2417257 
2417365 
2417439 
2417572 
2440622 
2440639 
2440859 
2440871 
2440962 
2441246 
2441258 
2441336 
2441580 
2441917 
2441935 
2441954 
2441995 
2465195 
2465308 
2465375 
2465436 
2465531 
2465658 
2465739 
2465772 
2465782 
2489785 
2490011 
2490246 
2490368 
2490369 
2490404 
2490447 
2490586 
2490597 
2490696 
2490702 
2491016 
2491019 
2514682 
2514704 
2514941 
2515229 
2515351 
2515671 
2539344 
2539786 
2540100 
2540319 
2563939 
2564038 
2564044 
2564344 
2564382 
2564391 
2564470 
2564637 
2564673 
2564889 
2565106 
2588754 
2588813 
2589250 
2589434 
2589503 
2589552 
2589906 
2589963 
2613079 
2613196 
2613202 
2613215 
2613236 
2613904 
2613973 
2614109 
2614135 
2614294 
2614296 
2637426 
2637432 
2637491 
2637602 
2637650 
2637711 
2637866 
2637971 
2637996 
2638071 
2638247 
2638363 
2638402 
2638441 
2638775 
2638778 
2662123 
2662218 
2662223 
2662565 
2662588 
2662812 
2662816 
2663013 
2686667 
2686783 
2686840 
2686849 
2686935 
2687172 
2687225 
2687344 
2687362 
2687404 
2687521 
2687598 
2687669 
2711169 
2711307 
2711867 
2711969 
2711979 
2712002 
2712065 
2712117 
2735732 
2735821 
2735893 
2735897 
2736013 
2736143 
2736151 
2736276 
2736603 
2736708 
2737064 
2760521 
2760796 
2761085 
2761121 
2761161 
2761338 
2761418 
2785023 
2785029 
2785174 
2785181 
2785202 
2785250 
2785580 
2785854 
2809525 
2809828 
2810015 
2810051 
2810070 
2810101 
2810207 
2810229 
2810331 
2810422 
2810426 
2834106 
2834226 
2834280 
2834282 
2834343 
2834362 
2834388 
2834440 
2834647 
2834681 
2834767 
2834829 
2834867 
2835001 
2835241 
2835426 
2835428 
2858817 
2858955 
2858958 
2859085 
2859113 
2859536 
2859844 
2859932 
2860023 
2860043 
2883928 
2883940 
2884155 
2884185 
2884218 
2884257 
2884258 
2884497 
2884607 
2884620 
2884673 
2884850 
2907903 
2907914 
2908114 
2908130 
2908489 
2908493 
2908515 
2908588 
2908648 
2908687 
2908899 
2908955 
2909033 
2909203 
2909263 
2932522 
2932680 
2932731 
2932949 
2933102 
2933117 
2933291 
2933439 
2933729 
2956946 
2957104 
2957120 
2957159 
2957162 
2957464 
2957500 
2957566 
2957570 
2957576 
2957801 
2957971 
2958096 
2958139 
2958176 
2981412 
2981590 
2981710 
2981749 
2981783 
2981795 
2981809 
2981959 
2982025 
2982143 
2982155 
2982330 
2982332 
2982392 
2982566 
2982567 
2982661 
2982730 
2982777 
3006082 
3006214 
3006217 
3006548 
3006618 
3006802 
3006823 
3007012 
3030734 
3030798 
3030828 
3031084 
3031166 
3031187 
3031216 
3031253 
3031354 
3031461 
3031478 
3031557 
3031607 
3031735 
3055221 
3055361 
3055393 
3055421 
3055704 
3055774 
3055995 
3055999 
3056066 
3056104 
3056241 
3056350 
3056369 
3056517 
3079927 
3079970 
3079981 
3080371 
3080396 
3080420 
3080515 
3080542 
3080563 
3080692 
3080693 
3080723 
3080851 
3080943 
3080987 
3081126 
3081148 
3104300 
3104330 
3104490 
3104499 
3104595 
3104597 
3104854 
3104882 
3105175 
3105184 
3105186 
3105231 
3105246 
3105258 
3105488 
3129018 
3129178 
3129218 
3129221 
3129235 
3129259 
3129386 
3129391 
3129434 
3129580 
3129639 
3129644 
3129689 
3129692 
3129769 
3129974 
3130142 
3130171 
3130179 
3130406 
3153508 
3153582 
3153809 
3153834 
3153836 
3153844 
3154235 
3154238 
3154433 
3154448 
3154455 
3154521 
3154541 
3154598 
3154918 
3178482 
3178550 
3178836 
3178844 
3179084 
3179094 
3179137 
3179242 
3179255 
3179267 
3179427 
3202773 
3202858 
3202868 
3202968 
3202983 
3203059 
3203179 
3203316 
3203474 
3203479 
3203503 
3203518 
3203855 
3203921 
3227473 
3227551 
3227647 
3227741 
3227856 
3228028 
3228052 
3228108 
3228126 
3228769 
3252122 
3252662 
3252674 
3252683 
3252798 
3253419 
3253467 
3253542 
3276476 
3276485 
3276627 
3276681 
3276740 
3276999 
3277027 
3277236 
3277501 
3277518 
3277556 
3277569 
3277729 
3301135 
3301166 
3301362 
3301467 
3301501 
3301547 
3301592 
3301604 
3301655 
3301665 
3301674 
3301847 
3301947 
3325637 
3325702 
3326240 
3326257 
3326427 
3326639 
3350043 
3350127 
3350211 
3350240 
3350304 
3350367 
3350664 
3350756 
3350782 
3350890 
3351051 
3351052 
3351273 
3351367 
3351471 
3374489 
3374681 
3374729 
3375116 
3375255 
3375456 
3375671 
3375844 
3399057 
3399152 
3399249 
3399369 
3399517 
3399576 
3399672 
3399900 
3400077 
3400282 
3423760 
3423847 
3424386 
3448155 
3448166 
3448347 
3448354 
3448484 
3448631 
3448693 
3448705 
3448756 
3448765 
3448874 
3448879 
3449067 
3449157 
3449353 
3449516 
3472682 
3472753 
3472905 
3472913 
3473267 
3473303 
3473309 
3473350 
3473419 
3473442 
3473548 
3473613 
3473711 
3473779 
3473781 
3473908 
3473934 
3473976 
3497384 
3497387 
3497449 
3497773 
3497910 
3497984 
3498019 
3498395 
3498518 
3521881 
3521941 
3522068 
3522321 
3522477 
3522480 
3522491 
3522567 
3523217 
3546694 
3546705 
3546708 
3546804 
3546819 
3546821 
3546822 
3546865 
3547147 
3547256 
3547348 
3547352 
3547740 
3547786 
3547848 
3547974 
3548029 
3571223 
3571527 
3571702 
3571741 
3571823 
3572002 
3572134 
3572148 
3572342 
3572497 
3572500 
3595925 
3596020 
3596071 
3596198 
3596261 
3596287 
3596408 
3596471 
3596498 
3596521 
3596610 
3596655 
3596726 
3596765 
3596938 
3597034 
3597251 
3620629 
3621125 
3621357 
3621398 
3621700 
3621835 
3645331 
3645333 
3645413 
3645753 
3645764 
3645773 
3645897 
3646004 
3646455 
3669578 
3669796 
3669855 
3670031 
3670259 
3670428 
3670457 
3670459 
3670633 
3670652 
3693928 
3694316 
3694526 
3694550 
3695082 
3695263 
3718720 
3718886 
3718969 
3719293 
3719319 
3719325 
3719412 
3719418 
3719452 
3719577 
3719706 
3719832 
3720080 
3743127 
3743409 
3743423 
3743471 
3743478 
3743810 
3743824 
3743840 
3743971 
3744050 
3744064 
3744230 
3767900 
3767994 
3767995 
3768400 
3768440 
3768489 
3768498 
3768507 
3768650 
3768713 
3768973 
3769030 
3769057 
3769059 
3769154 
3769157 
3792289 
3792307 
3792506 
3792580 
3792873 
3793279 
3793337 
3816959 
3817364 
3817433 
3817570 
3817598 
3817634 
3817817 
3841469 
3841725 
3842009 
3842201 
3842373 
3842426 
3842592 
3842744 
3842793 
3842824 
3866169 
3866221 
3866379 
3866725 
3867366 
3867402 
3890520 
3890541 
3890595 
3890669 
3890759 
3890811 
3890947 
3890985 
3891123 
3891200 
3891494 
3915120 
3915213 
3915478 
3915642 
3915679 
3915754 
3915852 
3916168 
3916169 
3939315 
3939584 
3939889 
3940139 
3940192 
3940296 
3940596 
3940694 
3964331 
3964401 
3964545 
3964569 
3964604 
3964655 
3964704 
3964885 
3965002 
3965083 
3965089 
3965159 
3965535 
3988702 
3988737 
3988851 
3988873 
3988885 
3988904 
3988906 
3988956 
3988966 
3989222 
3989581 
3989642 
3990141 
4013520 
4013761 
4013889 
4014063 
4037885 
4037898 
4038144 
4038213 
4038511 
4038541 
4038543 
4038607 
4038812 
4039272 
4039314 
4062679 
4062900 
4062969 
4063063 
4063675 
4087049 
4087087 
4087147 
4087194 
4087381 
4087466 
4087552 
4087835 
4087939 
4088041 
4088054 
4111452 
4111567 
4111586 
4111766 
4112024 
4112219 
4112250 
4112295 
4112354 
4112717 
4136013 
4136019 
4136059 
4136135 
4136204 
4136208 
4136214 
4136281 
4136632 
4136727 
4136900 
4137025 
4137256 
4160622 
4160871 
4160892 
4161232 
4161587 
4161889 
4161927 
4161965 
4185421 
4185484 
4185945 
4185980 
4186168 
4186254 
4186260 
4186281 
4186393 
4186398 
4186489 
4186707 
4210084 
4210273 
4210909 
4210923 
4211060 
4211328 
4211445 
4211512 
4234894 
4234925 
4234953 
4234966 
4235010 
4235245 
4235278 
4235286 
4235401 
4235408 
4235452 
4235604 
4235983 
4236059 
4362922 
4363031 
4363125 
4363138 
4363139 
4363215 
4363260 
4363437 
4363455 
4363460 
4363678 
4363689 
4363701 
4363810 
4363869 
4364065 
4364268 
4364287 
4366526 
4447259 
4447507 
4449798 
4449800 
4449801 
4449950 
4449951 
4450427 
4451445 
4451493 
4451804 
4451940 
4451944 
4452669 
4452707 
4467027 
4476245 
4476362 
4481061 
4485607 
4494969 
4495010 
4504425 
4504440 
4509137 
4513709 
4513729 
4518503 
4523304 
4523310 
4532770 
4547009 
4551560 
4551567 
4580182 
4584851 
4589429 
4594345 
4608187 
4617532 
4617771 
4627080 
4632086 
4645997 
4646116 
4650733 
4674097 
4683545 
4683550 
4683586 
4693161 
4698108 
4721727 
4726742 
4731251 
4731278 
4731368 
4731376 
4731491 
4745386 
4749985 
4750031 
4750046 
4759462 
4773667 
4778304 
4787895 
4806663 
4806695 
4816064 
4825510 
4825559 
4835030 
4835125 
4844210 
4844349 
4848805 
4849094 
4853675 
4858406 
4863094 
4863158 
4863169 
4872590 
4872681 
4881971 
4886515 
4886722 
4900693 
4900708 
4905322 
4905476 
4910056 
4914861 
4919634 
4928977 
4929045 
4943359 
4947838 
4947855 
4957257 
4966604 
4971615 
4976105 
4976151 
4994591 
5004087 
5008855 
5013468 
5013500 
5022883 
5023075 
5032249 
5037095 
5041668 
5041846 
5060513 
5060564 
5060602 
5065382 
5074574 
5079318 
5088677 
5088690 
5088736 
5093527 
5098307 
5103045 
5103083 
5107630 
5107731 
5116997 
5131161 
5135806 
5140527 
5149945 
5159350 
5159362 
5182391 
5182442 
5187269 
5191782 
5196364 
5196383 
5196400 
5201208 
5206119 
5206171 
5210686 
5215383 
5220049 
5224691 
5224846 
5229470 
5238845 
5248282 
5252938 
5253004 
5257506 
5262369 
5266918 
5271626 
5295211 
5314427 
5323461 
5323501 
5332930 
5337418 
5337541 
5337726 
5342314 
5342375 
5351811 
5375276 
5379849 
5379984 
5384756 
5389214 
5389219 
5394100 
5398719 
5408181 
5408338 
5412914 
5417533 
5422119 
5436454 
5441299 
5460075 
5464924 
5469688 
5474115 
5483614 
5483620 
5488525 
5488526 
5488529 
5488530 
5488531 
5488597 
5488598 
5489088 
5489089 
5489120 
5489167 
5489168 
5489174 
5489267 
5489725 
5489754 
5490490 
5490599 
5490868 
5490913 
5491094 
5491095 
5491097 
5491100 
5491593 
5491595 
5492006 
5492906 
5492960 
5492961 
5493051 
5493150 
5493726 
5493950 
5494048 
5494049 
5494254 
5494255 
5494291 
5494662 
5494707 
5494846 
5495247 
5495429 
5495430 
5495431 
5495495 
5495496 
5495498 
5495580 
5495597 
5495634 
5495640 
5495786 
5496507 
5571774 
5571974 
5572028 
5572029 
5576547 
5576672 
5581162 
5581164 
5581179 
5581241 
5581287 
5581357 
5581421 
5581429 
5585697 
5586028 
5586096 
5586097 
5590377 
5590467 
5590649 
5590725 
5594906 
5595144 
5599643 
5599668 
5599736 
5604392 
5604396 
5604434 
5604475 
5604532 
5604748 
5604758 
5609073 
5609078 
5609292 
5609298 
5609426 
5613810 
5613871 
5613970 
5614033 
5614125 
5614126 
5618406 
5618427 
5618567 
5623205 
5623398 
5627909 
5632494 
5632528 
5632709 
5637126 
5637163 
5637296 
5637440 
5637480 
5637495 
5641780 
5641784 
5641810 
5641826 
5641868 
5641893 
5641987 
5641996 
5642096 
5646613 
5651301 
5651313 
5655809 
5655917 
5655964 
5660276 
5660277 
5660280 
5660328 
5660397 
5660398 
5665217 
5665220 
5665350 
5669859 
5670006 
5674382 
5674620 
5674657 
5674692 
5679126 
5679330 
5683749 
5684152 
5688472 
5688483 
5693121 
5697858 
5697879 
5697888 
5697930 
5697971 
5702304 
5702612 
5707060 
5707117 
5707216 
5711689 
5711713 
5712044 
5716363 
5720876 
5720937 
5721025 
5721095 
5721182 
5725609 
5725823 
5730412 
5735061 
5739703 
5739706 
5739887 
5739908 
5739916 
5739969 
5744311 
5744402 
5744558 
5744575 
5744690 
5748911 
5748995 
5749015 
5749275 
5753382 
5753415 
5753452 
5753586 
5757944 
5762531 
5762532 
5762537 
5762761 
5762859 
5762887 
5767297 
5771638 
5771720 
5771892 
5776449 
5776534 
5776540 
5776759 
5781023 
5781101 
5785622 
5785623 
5785889 
5790153 
5790200 
5790428 
5794814 
5794893 
5794921 
5795029 
5795045 
5795120 
5799263 
5799264 
5799299 
5799643 
5799667 
5804082 
5804116 
5804214 
5804309 
5804339 
5808756 
5808826 
5808832 
5808918 
5809051 
5813456 
5813565 
5818036 
5818112 
5818450 
5822664 
5822807 
5822889 
5827229 
5827312 
5827318 
5827364 
5827376 
5827490 
5827589 
5827593 
5836691 
5836892 
5841286 
5841391 
5841512 
5841598 
5845726 
5845935 
5845949 
5845963 
5845992 
5846104 
5850506 
5850534 
5850606 
5850748 
5850753 
5855057 
5855105 
5855163 
5855240 
5855244 
5855258 
5855284 
5855468 
5855469 
5860028 
5864437 
5864510 
5864527 
5864688 
5868995 
5869155 
5869169 
5869233 
5869236 
5869257 
5873629 
5873777 
5873787 
5873900 
5873989 
5873998 
5878423 
5878468 
5878768 
5887623 
5887954 
5892253 
5892259 
5892582 
5896935 
5896948 
5896962 
5897151 
5897205 
5901547 
5901670 
5901814 
5901851 
5901860 
5906052 
5906120 
5906216 
5906310 
5906311 
5910753 
5910896 
5911120 
5915274 
5915299 
5915478 
5919742 
5919814 
5919855 
5924478 
5924498 
5924768 
5924882 
5933901 
5933907 
5933994 
5934081 
5938705 
5938759 
5943203 
5943225 
5943281 
5943318 
5943492 
5943574 
5947895 
5947898 
5947929 
5952603 
5952723 
5952737 
5952754 
5957323 
5957695 
5957712 
5961873 
5966644 
5966810 
5966824 
5971402 
5971618 
5971636 
5976147 
5976232 
5976296 
5980813 
5980962 
5981081 
5985454 
5985674 
5990183 
5990208 
5990360 
5990520 
5990530 
5994851 
5994919 
5995174 
5995182 
5999572 
5999892 
6004107 
6004108 
6004230 
6008740 
6008778 
6009112 
6009128 
6013402 
6013413 
6013418 
6018099 
6018233 
6018238 
6018289 
6022680 
6022703 
6022713 
6022756 
6022773 
6027176 
6027289 
6031841 
6031953 
6031954 
6031970 
6032130 
6032201 
6036582 
6036586 
6036591 
6036592 
6036689 
6036972 
6041245 
6041326 
6041444 
6041455 
6045947 
6045975 
6046023 
6046159 
6046207 
6050640 
6050740 
6055289 
6060109 
6060129 
6064636 
6064688 
6064708 
6069426 
6069558 
6078483 
6078610 
6078838 
