586919 
107144 
915727 
68396 
992976 
74994 
522299 
37163 
944744 
102743 
988563 
34884 
1003248 
51713 
910765 
109339 
620205 
115879 
518544 
120298 
1041789 
42781 
736827 
129295 
170535 
915872 
46098 
973907 
50570 
692848 
146066 
673616 
86173 
3645773 
67193 
1579828 
169626 
3645764 
138294 
707491 
169627 
746454 
136046 
2711867 
48334 
964164 
104975 
47205 
98441 
3178836 
169625 
129270 
99504 
55033 
69490 
68864 
1132500 
3179242 
2023290 
621782 
178360 
3768973 
4806695 
746403 
38183 
2097105 
168715 
144884 
44920 
168712 
168714 
131423 
81621 
71597 
112506 
168713 
89464 
121287 
31386 
48288 
115786 
44919 
122443 
934737 
170512 
1017711 
81735 
712412 
43966 
930188 
97371 
3473442 
72761 
1702841 
114762 
3719412 
75020 
746384 
143881 
891475 
170513 
1555090 
120313 
1555181 
50623 
123677 
134960 
46153 
85114 
78372 
121393 
170511 
123706 
4364287 
3326257 
2121997 
1081458 
196824 
189754 
740448 
875959 
879112 
117089 
716757 
1135583 
2982730 
3130406 
515161 
1677976 
687727 
2023529 
988516 
108213 
2957566 
98431 
515952 
45073 
112629 
142746 
1109088 
49437 
169454 
38236 
90616 
169453 
60536 
76071 
67181 
86165 
59374 
88380 
65030 
34847 
52819 
74954 
44007 
80649 
109405 
81775 
117474 
4495010 
2884607 
3473779 
931342 
184559 
764903 
500855 
2417257 
712249 
121390 
663997 
132679 
765640 
75018 
915525 
170465 
939797 
53975 
954261 
101706 
55072 
147204 
99554 
107167 
1653802 
1653769 
1998981 
3375255 
4014063 
1126442 
2957500 
136110 
48388 
170464 
120312 
103905 
133770 
32674 
170463 
896377 
170331 
518107 
127046 
2810229 
55065 
3768400 
73910 
3301547 
79475 
833888 
150489 
964015 
65082 
133760 
87319 
43954 
148277 
147196 
45012 
3228126 
52862 
89550 
151587 
85102 
127045 
137175 
1122810 
4112295 
791355 
187510 
925919 
16727 
5496507 
5878768 
715739 
1603843 
66950 
1113516 
42461 
1113517 
5749275 
195641 
866366 
177477 
640230 
190703 
1042915 
103900 
3695082 
57246 
843644 
2367882 
770367 
3399576 
1124006 
973814 
3105186 
3915754 
615271 
1727524 
2957801 
5191782 
1007714 
196958 
163739 
2564038 
34564 
2785202 
33442 
4136208 
3743471 
2981809 
3203179 
1114383 
2465531 
785884 
103493 
4013761 
41292 
2957162 
110072 
851687 
78070 
121101 
1105506 
168875 
2196397 
721853 
1041745 
4087835 
2982332 
4589429 
4235278 
3890811 
176940 
1064765 
595077 
1081973 
137262 
2835426 
4161965 
1055822 
1900983 
1041427 
2933729 
501884 
191348 
745226 
619438 
690239 
100791 
2860043 
769306 
182889 
580977 
769300 
4674097 
818860 
823839 
86224 
2319028 
2097112 
2073048 
92314 
4976105 
145482 
791389 
132011 
3646004 
664128 
39373 
867696 
815529 
2687404 
5351811 
2417052 
2589503 
963914 
692741 
84396 
4731491 
104316 
801405 
877468 
51754 
3522477 
67267 
673376 
33821 
113707 
1126593 
40584 
2146425 
73950 
114790 
170922 
89589 
87352 
71724 
101730 
88874 
3105231 
72126 
5220049 
1131655 
825309 
149459 
97404 
76163 
145015 
113706 
170921 
170923 
65121 
120338 
120337 
63960 
693140 
152691 
751096 
170175 
707514 
142793 
877357 
65070 
2196270 
128143 
2589250 
96255 
862641 
91836 
3547352 
55108 
2957576 
137237 
50656 
114797 
170178 
1017533 
132661 
814223 
170174 
789975 
105012 
586862 
170177 
43945 
31482 
170176 
170173 
52857 
113662 
170172 
134991 
117029 
141742 
130438 
84018 
86263 
40595 
171082 
94105 
128190 
702822 
132678 
973758 
61697 
3228108 
48387 
838263 
150501 
3768489 
170449 
3276999 
170448 
97367 
170450 
139478 
94068 
136107 
102783 
116998 
92946 
170447 
118100 
45027 
120311 
116997 
755887 
33740 
3768498 
94010 
3915642 
169326 
920407 
95151 
760761 
111433 
1061171 
169328 
38225 
43896 
43897 
35998 
74942 
169327 
47175 
51669 
113610 
122480 
53903 
146048 
848311 
97321 
683238 
51681 
1089930 
74961 
654257 
88386 
3178844 
169539 
1826451 
51680 
2859536 
65035 
73864 
58286 
169538 
141659 
127001 
98435 
55023 
109304 
142755 
169537 
65036 
1090037 
170325 
2712002 
170326 
629800 
111494 
1099374 
101697 
2220586 
171031 
516321 
132669 
92984 
43953 
39488 
1125409 
130402 
2220574 
50618 
72747 
77242 
48415 
82868 
171034 
131562 
171032 
32661 
95255 
129305 
48375 
125911 
70648 
56124 
171033 
120348 
103896 
46137 
73956 
47235 
712586 
125959 
1075127 
50658 
3596471 
94106 
4063063 
171096 
171098 
140616 
108314 
55109 
63970 
138382 
67279 
82918 
41712 
145026 
145025 
138383 
146151 
143913 
171097 
44000 
72811 
80636 
109394 
1061183 
96203 
755891 
65009 
77172 
102686 
2515229 
3203474 
41619 
132614 
57174 
114691 
72685 
104946 
77171 
126982 
126983 
169243 
169242 
131451 
143826 
90604 
1094672 
169186 
1065528 
83915 
658987 
41611 
1037086 
51654 
32583 
102681 
169185 
68340 
47169 
152632 
118031 
147129 
121309 
169187 
78296 
71626 
125841 
111422 
36077 
79492 
780309 
143830 
2392780 
1130731 
5229470 
939954 
53364 
2834681 
3497984 
4523310 
716999 
693092 
1130035 
830086 
867809 
110429 
2957971 
853043 
4683586 
4185945 
3743810 
825207 
193561 
854459 
63251 
1777188 
3007012 
2294452 
2368415 
3080943 
1126187 
4364065 
45472 
94511 
191797 
737356 
124385 
2367473 
518484 
910780 
1130356 
1678065 
1875886 
1653898 
3301501 
3572002 
542094 
1129447 
1065754 
3129689 
1727789 
2638363 
104974 
582059 
96231 
1007824 
90624 
2957464 
52830 
78316 
77193 
39400 
169604 
150452 
116945 
152655 
110412 
82838 
80543 
51686 
59385 
43915 
169603 
1075583 
79506 
882215 
106157 
522874 
139511 
983252 
123702 
3080396 
108310 
3719452 
171022 
2146549 
36088 
1126903 
145023 
4038607 
80630 
2121822 
112616 
47279 
81766 
79505 
129342 
59465 
123703 
34947 
143907 
73955 
988366 
67155 
1727631 
169016 
1124937 
149339 
1032198 
34826 
697530 
42714 
72679 
2072763 
82842 
519522 
2416975 
74925 
128181 
149340 
40478 
70541 
71615 
139398 
158808 
2884673 
5088736 
611993 
193767 
720961 
785964 
81193 
1120147 
77836 
2932949 
3817364 
1850735 
3670031 
924223 
941629 
67342 
2491016 
3498518 
581468 
498807 
915142 
2614135 
3203855 
2736603 
96310 
130334 
85023 
124704 
109268 
70542 
109267 
843533 
53857 
81607 
150378 
129201 
34796 
104890 
91683 
144863 
122420 
38172 
144862 
66080 
133110 
840016 
2023338 
727229 
5023075 
50501 
38173 
115767 
168387 
49368 
59313 
915521 
76113 
997885 
132713 
114804 
99535 
775517 
43947 
134941 
71681 
83967 
120299 
41663 
129297 
102747 
32649 
150481 
107149 
125905 
53958 
59421 
50607 
44999 
99589 
40599 
82921 
127082 
103944 
95260 
113721 
171146 
1037007 
119163 
600901 
107130 
38251 
106100 
129278 
152671 
169823 
136059 
97332 
79439 
50586 
149393 
169824 
56059 
48344 
104988 
37149 
47214 
1007740 
45013 
2834829 
110445 
1125545 
46138 
819114 
148278 
2564470 
31492 
2908648 
38275 
2294442 
119191 
132670 
65083 
133761 
90660 
45014 
91799 
105024 
97358 
170338 
129306 
52863 
524484 
97360 
1875850 
134299 
2220959 
544374 
76594 
4929045 
183441 
2835241 
3301847 
2490447 
86262 
813925 
94064 
678296 
85106 
101702 
3448705 
71698 
70609 
87323 
170400 
128151 
141706 
61685 
170399 
61686 
55071 
47239 
112587 
109355 
39446 
55107 
70653 
171079 
171078 
38313 
40594 
775519 
120355 
2933117 
75053 
1126644 
721830 
97413 
124823 
75054 
140617 
121429 
92987 
81771 
130439 
84019 
171100 
131568 
97412 
86264 
65139 
71737 
62830 
75052 
41713 
736808 
44935 
663614 
69447 
1801820 
64996 
1579821 
146027 
2318966 
133810 
1125422 
35981 
3129639 
71618 
524416 
124710 
1875794 
73833 
3301592 
53891 
4210923 
39494 
169061 
978747 
143815 
49407 
47162 
169060 
63845 
41600 
124709 
91727 
129801 
3031557 
752372 
4363701 
2982567 
2343671 
4186489 
70660 
123711 
134996 
171167 
610873 
31528 
750937 
72798 
4235401 
38308 
3743840 
39481 
3743824 
138368 
39482 
36084 
170954 
170953 
59460 
33823 
42846 
77286 
105059 
36085 
145018 
90704 
48409 
51757 
34943 
133796 
170955 
111536 
60605 
601083 
90562 
67121 
68302 
80478 
115778 
131411 
44910 
61567 
57138 
91693 
77131 
168525 
151487 
128056 
115777 
168526 
41572 
99441 
1027074 
68402 
634793 
42797 
518514 
50613 
658763 
123669 
775523 
170268 
134948 
90657 
119188 
149418 
3817634 
116982 
3399672 
59466 
2711979 
170269 
118090 
75003 
82866 
124774 
152699 
130394 
136100 
171035 
102790 
82911 
139513 
998050 
122492 
4185980 
133715 
3448765 
36011 
2637996 
118058 
42754 
130358 
37137 
147166 
150453 
113629 
122491 
121346 
111452 
76082 
143844 
149383 
66145 
169632 
829088 
112622 
4210909 
80635 
2121753 
115932 
809190 
77295 
110489 
2810207 
65137 
1126516 
138380 
32710 
54012 
171087 
171088 
171090 
127078 
122568 
171089 
85142 
96312 
125958 
134993 
139515 
39491 
138381 
145024 
132712 
142837 
171091 
88461 
133804 
60609 
112621 
62829 
521064 
170259 
2121784 
134946 
964262 
122529 
3670259 
55058 
741315 
170258 
722239 
98472 
108265 
34894 
50612 
2146620 
98471 
3228052 
170257 
1579778 
138328 
111488 
170256 
92933 
133755 
65075 
65076 
45548 
660152 
177019 
4881971 
2367826 
2982392 
2023624 
516892 
760772 
121392 
687926 
72758 
1041541 
144984 
1727718 
59436 
3596610 
107170 
1125700 
137205 
42821 
80599 
112592 
68414 
32677 
101708 
87329 
125924 
52877 
170489 
32676 
51735 
1012596 
32669 
517936 
41677 
2982025 
81731 
2294468 
142806 
2687344 
77251 
746202 
36048 
118097 
79477 
114757 
3817570 
65086 
3006823 
170423 
103901 
148284 
57249 
97363 
48384 
58325 
61689 
872220 
39428 
1122804 
94053 
1126305 
99525 
81717 
57218 
116973 
59410 
129286 
85089 
106117 
31477 
37158 
151577 
170065 
120294 
170067 
52854 
170066 
1056187 
120255 
114687 
108193 
141625 
79398 
77169 
124716 
140510 
35990 
35991 
142732 
100564 
37113 
70555 
66119 
41613 
113603 
1702858 
2884218 
1124304 
169203 
804790 
72662 
3842201 
67141 
702732 
82780 
1099525 
79376 
707568 
168781 
2884258 
98390 
2392530 
100536 
97265 
114674 
55999 
132587 
64977 
168782 
39358 
97266 
44921 
79375 
88328 
1056204 
170536 
519924 
114764 
770322 
63925 
1007985 
103907 
959200 
34911 
148291 
107172 
170538 
170537 
36055 
2392395 
152717 
3547348 
4186168 
141712 
117001 
41683 
120315 
87331 
95227 
99556 
1104329 
91721 
2392523 
71610 
3497910 
77159 
41594 
73825 
35971 
91719 
126969 
133678 
91720 
121301 
41595 
168941 
100548 
147114 
168938 
168939 
168940 
828797 
169719 
843471 
96234 
72716 
152665 
80548 
120278 
43919 
67200 
169717 
169720 
152664 
142766 
88395 
169718 
95169 
92908 
79431 
90629 
1046473 
53953 
39433 
170116 
3964885 
79455 
2834867 
123664 
2343233 
107143 
4087466 
170117 
49474 
138318 
124764 
46123 
134936 
151579 
33784 
125897 
143867 
95195 
108255 
988555 
102795 
673354 
101749 
2023315 
171172 
1126909 
52922 
2196215 
134997 
49538 
147246 
111544 
94111 
33841 
125962 
79514 
143916 
109398 
132715 
52921 
41716 
107206 
171171 
89601 
634802 
131425 
1752484 
48291 
3252798 
35962 
168750 
147110 
140486 
140484 
97264 
128070 
140485 
168748 
125810 
58235 
67139 
64974 
37083 
168749 
116887 
523693 
145031 
673345 
99593 
1629075 
135003 
1924979 
96317 
148330 
150544 
54021 
72818 
81774 
67290 
143921 
38320 
94116 
76177 
62837 
171221 
113723 
76178 
62836 
107212 
131574 
151639 
82931 
1075341 
169569 
147162 
77189 
109306 
127004 
3596498 
110410 
3080542 
74962 
169570 
139428 
81684 
103841 
107114 
80542 
53920 
31454 
113626 
150450 
92897 
901191 
91759 
86170 
1579849 
32610 
1875816 
115840 
2884257 
133710 
3719577 
169567 
63879 
69483 
63878 
52828 
42747 
90622 
169568 
61635 
103840 
120274 
79423 
147160 
1056408 
121419 
3080420 
146141 
3301674 
170902 
2097196 
43989 
2465772 
59456 
3350782 
45052 
2343355 
79493 
629714 
85133 
61724 
170904 
122561 
170903 
56114 
88452 
72796 
170901 
65118 
123698 
40583 
92974 
1065692 
101691 
687841 
53960 
1122626 
91787 
1900386 
58316 
38267 
149414 
32652 
143873 
125906 
170218 
170219 
109345 
77230 
59422 
77229 
112582 
99536 
67228 
804902 
99581 
3448756 
120350 
678204 
73957 
60607 
90709 
171040 
75048 
138374 
94104 
73958 
85141 
57286 
2564344 
120349 
3571823 
66231 
3252683 
107201 
3006802 
31533 
2269932 
51762 
147239 
131563 
115930 
171041 
70649 
86256 
54011 
40590 
95257 
42851 
81768 
121427 
78403 
867834 
133653 
143779 
3326240 
108151 
3301467 
79354 
1123928 
59309 
168374 
37058 
40437 
106020 
149302 
40438 
168371 
168372 
71582 
113552 
33682 
123567 
168373 
920564 
113553 
86099 
48263 
1133420 
2146462 
73793 
1133274 
42664 
79355 
54959 
39328 
54958 
97244 
95090 
61561 
114654 
72649 
44894 
168377 
82763 
138217 
101688 
108257 
40543 
34883 
170158 
119175 
105061 
42850 
170980 
170979 
