 2 29058 
 3 17251 
 4 10458 
 5 7998 
 6 7817 
 7 7287 
 8 5004 
 9 3810 
 10 2813 
 11 2099 
 12 1459 
 13 1136 
 14 901 
 15 744 
 16 567 
 17 494 
 18 391 
 19 342 
 20 265 
 21 226 
 22 199 
 23 172 
 24 147 
 25 108 
 26 111 
 27 94 
 28 99 
 29 87 
 30 64 
 31 48 
 32 45 
 33 38 
 34 43 
 35 37 
 36 42 
 37 26 
 38 19 
 39 30 
 40 24 
 41 22 
 42 17 
 43 23 
 44 12 
 45 13 
 46 12 
 47 12 
 48 14 
 49 9 
 50 9 
 51 8 
 52 7 
 53 7 
 54 6 
 55 10 
 56 6 
 57 4 
 58 4 
 59 10 
 60 4 
 61 2 
 62 6 
 63 6 
 64 4 
 65 3 
 66 8 
 67 4 
 68 1 
 69 5 
 70 3 
 72 3 
 73 3 
 74 3 
 75 4 
 76 2 
 77 2 
 78 1 
 79 1 
 80 2 
 81 3 
 82 2 
 83 1 
 84 1 
 85 1 
 86 1 
 87 3 
 88 1 
 89 1 
 90 1 
 91 1 
 92 1 
 95 2 
 96 1 
 99 1 
 100 2 
 101 1 
 105 2 
 107 1 
 108 4 
 109 1 
 114 1 
 115 2 
 119 1 
 125 2 
 126 1 
 127 1 
 128 1 
 133 1 
 134 1 
 138 1 
 139 1 
 141 1 
 146 1 
 155 2 
 156 1 
 159 1 
 161 1 
 166 1 
 177 1 
 181 1 
 185 1 
 186 1 
 191 1 
 227 1 
 231 1 
 239 1 
 253 1 
 276 1 
 286 1 
 292 1 
 333 1 
 371 1 
 1611 1 
