 2 31650 
 3 16988 
 4 9578 
 5 7212 
 6 6550 
 7 6255 
 8 4703 
 9 3536 
 10 2665 
 11 2001 
 12 1582 
 13 1228 
 14 1008 
 15 831 
 16 682 
 17 649 
 18 494 
 19 447 
 20 377 
 21 348 
 22 297 
 23 249 
 24 237 
 25 179 
 26 147 
 27 153 
 28 130 
 29 115 
 30 100 
 31 99 
 32 74 
 33 62 
 34 52 
 35 58 
 36 54 
 37 52 
 38 54 
 39 44 
 40 38 
 41 29 
 42 38 
 43 33 
 44 31 
 45 33 
 46 25 
 47 16 
 48 15 
 49 18 
 50 14 
 51 18 
 52 20 
 53 20 
 54 14 
 55 10 
 56 12 
 57 17 
 58 11 
 59 12 
 60 13 
 61 10 
 62 6 
 63 8 
 64 8 
 65 5 
 66 12 
 67 8 
 68 5 
 69 4 
 70 13 
 71 5 
 72 8 
 73 5 
 74 2 
 75 5 
 76 6 
 77 7 
 78 4 
 79 7 
 80 2 
 81 2 
 82 5 
 83 3 
 84 3 
 85 2 
 86 4 
 87 2 
 88 3 
 89 4 
 90 2 
 91 3 
 92 3 
 93 2 
 94 5 
 96 4 
 97 2 
 98 2 
 99 1 
 100 1 
 101 4 
 102 2 
 103 2 
 104 1 
 105 1 
 106 1 
 108 1 
 111 2 
 112 2 
 113 1 
 114 1 
 115 1 
 116 1 
 118 3 
 119 4 
 120 2 
 121 1 
 125 1 
 126 2 
 127 1 
 129 1 
 130 1 
 131 1 
 132 2 
 133 1 
 135 1 
 136 4 
 137 1 
 139 3 
 142 4 
 143 1 
 144 1 
 147 1 
 148 1 
 149 2 
 150 1 
 152 1 
 153 5 
 156 3 
 158 1 
 160 2 
 161 1 
 164 1 
 169 1 
 170 2 
 172 1 
 179 1 
 180 1 
 181 1 
 182 1 
 185 1 
 192 1 
 193 1 
 198 2 
 199 1 
 203 1 
 206 1 
 207 1 
 209 1 
 216 2 
 217 1 
 219 2 
 225 1 
 229 2 
 232 1 
 233 1 
 244 1 
 252 1 
 258 1 
 261 1 
 315 1 
 333 2 
 354 1 
 405 1 
 547 1 
 661 1 
 1065 1 
 22116 1 
