225103 
225136 
225163 
225165 
225178 
225182 
225183 
225191 
225219 
225222 
225232 
225257 
225416 
225464 
225472 
225503 
225504 
225515 
225518 
225529 
225531 
225547 
225548 
225549 
225566 
225586 
225595 
225610 
225616 
225620 
225627 
225637 
225643 
225654 
225726 
225727 
225730 
225773 
225777 
225781 
225805 
225839 
225855 
225856 
225863 
225868 
225873 
225875 
225880 
225893 
225910 
225915 
225918 
225919 
225923 
225926 
225937 
225940 
225954 
225957 
225984 
226004 
226005 
226012 
226014 
226017 
226028 
226043 
226050 
226078 
226095 
226097 
226102 
226106 
226114 
226115 
226117 
226131 
226145 
226213 
226361 
226380 
226528 
226588 
226604 
226646 
226679 
226728 
226776 
226787 
226791 
226803 
226809 
226819 
226825 
226857 
226858 
226863 
227030 
227067 
227107 
227140 
227148 
227168 
227198 
227205 
227211 
227233 
227264 
227265 
227269 
227286 
227287 
227288 
227291 
227304 
227414 
227426 
227429 
227433 
227435 
227448 
227453 
227454 
227455 
227456 
227461 
227467 
227468 
227474 
227484 
227510 
227512 
227538 
227550 
227553 
227561 
227563 
227580 
227583 
227586 
227594 
227595 
227607 
227620 
227623 
227652 
227657 
227659 
227684 
227687 
227705 
227707 
227711 
227726 
227735 
227751 
227756 
227769 
227774 
227847 
227873 
227900 
227902 
227925 
227987 
227991 
228018 
228022 
228025 
228031 
228036 
228185 
228302 
228352 
228405 
228445 
228458 
228466 
228475 
228476 
228480 
228496 
228503 
228538 
228549 
228587 
228723 
228725 
228737 
228785 
228825 
228836 
228877 
228904 
228906 
228917 
228929 
228930 
228931 
228935 
228938 
228946 
228953 
228957 
229020 
229027 
229071 
229072 
229073 
229074 
229076 
229081 
229089 
229095 
229103 
229140 
229148 
229165 
229177 
229189 
229203 
229210 
229217 
229218 
229220 
229249 
229261 
229275 
229297 
229303 
229309 
229312 
229313 
229318 
229325 
229332 
229342 
229343 
229347 
229348 
229349 
229369 
229387 
229395 
229401 
229402 
229404 
229406 
229413 
229426 
229432 
229441 
229454 
229481 
229485 
229523 
229530 
229549 
229586 
229607 
229650 
229670 
229686 
229696 
229698 
229878 
229908 
229932 
229941 
230015 
230046 
230089 
230096 
230104 
230123 
230131 
230138 
230144 
230155 
230182 
230185 
230188 
230298 
230437 
230498 
230500 
230503 
230516 
230536 
230543 
230555 
230573 
230577 
230578 
230580 
230582 
230587 
230600 
230620 
230640 
230680 
230729 
230731 
230735 
230745 
230750 
230794 
230824 
230833 
230837 
230839 
230840 
230858 
230869 
230893 
230894 
230912 
230922 
230958 
230981 
230985 
231004 
231033 
231064 
231100 
231119 
231127 
231168 
231292 
231532 
231544 
231629 
231667 
231670 
231676 
231679 
231683 
231715 
231742 
231743 
231765 
231838 
231930 
232002 
232048 
232071 
232091 
232107 
232110 
232137 
232140 
232141 
232153 
232160 
232166 
232167 
232179 
232216 
232289 
232299 
232338 
232340 
232351 
232353 
232376 
232395 
232403 
232404 
232430 
232433 
232434 
232442 
232443 
232445 
232447 
232464 
232465 
232469 
232474 
232478 
232482 
232518 
232521 
232522 
232546 
232549 
232561 
232572 
232574 
232607 
232608 
232610 
232625 
232631 
232634 
232649 
232656 
232664 
232711 
232728 
232741 
232765 
232770 
232785 
232806 
232863 
232899 
232911 
232926 
232928 
232931 
232940 
233052 
233056 
233157 
233197 
233306 
233317 
233343 
233353 
233363 
233379 
233380 
233382 
233400 
233404 
233414 
233420 
233427 
233441 
233442 
233531 
233533 
233574 
233599 
233612 
233613 
233631 
233687 
233727 
233741 
233748 
233761 
233771 
233789 
233795 
233796 
233798 
233810 
233824 
233832 
233833 
233837 
233846 
233849 
233850 
233853 
233854 
233875 
233915 
233916 
233920 
233935 
233998 
234003 
234007 
234008 
234009 
234010 
234011 
234015 
234019 
234031 
234037 
234064 
234075 
234105 
234107 
234109 
234110 
234113 
234117 
234128 
234129 
234146 
234171 
234202 
234203 
234223 
234229 
234244 
234245 
234255 
234287 
234304 
234329 
234333 
234353 
234357 
234381 
234386 
234396 
234403 
234430 
234450 
234463 
234475 
234506 
234801 
234805 
234834 
234853 
234945 
234958 
234981 
234982 
235004 
235020 
235028 
235030 
235038 
235052 
235077 
235082 
235085 
235095 
235104 
235111 
235292 
235293 
235300 
235302 
235318 
235353 
235413 
235415 
235433 
235439 
235445 
235449 
235450 
235493 
235499 
235501 
235503 
235520 
235524 
235525 
235534 
235654 
235676 
235702 
235707 
235708 
235711 
235721 
235749 
235756 
235764 
235769 
235783 
235797 
235803 
235823 
235865 
235871 
235874 
235879 
235902 
235911 
235914 
235925 
235943 
235953 
235960 
235961 
235963 
235965 
235988 
235990 
235994 
236008 
236018 
236055 
236068 
236070 
236071 
236096 
236116 
236135 
236144 
236209 
236227 
236238 
236372 
236380 
236513 
236580 
236639 
236642 
236650 
236662 
236686 
236687 
236714 
236715 
236720 
236722 
236726 
236728 
236733 
236743 
236744 
236749 
236756 
236916 
236923 
236957 
236977 
236978 
236985 
236991 
237010 
237011 
237031 
237037 
237038 
237045 
237048 
237049 
237055 
237071 
237072 
237086 
237094 
237109 
237120 
237121 
237131 
237133 
237138 
237141 
237218 
237228 
237251 
237266 
237271 
237272 
237281 
237296 
237298 
237347 
237353 
237368 
237375 
237381 
237382 
237390 
237410 
237417 
237423 
237424 
237439 
237458 
237475 
237477 
237493 
237502 
237509 
237518 
237520 
237523 
237546 
237556 
237567 
237578 
237592 
237594 
237613 
237620 
237622 
237623 
237643 
237690 
237693 
237706 
237733 
237764 
237770 
237853 
237877 
237881 
237882 
237884 
237885 
238006 
238060 
238062 
238136 
238307 
238331 
238356 
238363 
238368 
238370 
238405 
238415 
238447 
238457 
238789 
238790 
238792 
238801 
238809 
238818 
238820 
238828 
238838 
238848 
238860 
238867 
238874 
238875 
238876 
238924 
238965 
239022 
239043 
239047 
239084 
239104 
239111 
239112 
239113 
239122 
239130 
239144 
239145 
239149 
239150 
239172 
239175 
239208 
239209 
239211 
239217 
239242 
239266 
239267 
239273 
239279 
239287 
239294 
239303 
239330 
239334 
239343 
239355 
239356 
239366 
239367 
239374 
239381 
239392 
239396 
239398 
239490 
239491 
239507 
239590 
239601 
239605 
239627 
239628 
239769 
239942 
239951 
239998 
240003 
240035 
240037 
240048 
240052 
240071 
240086 
240087 
240100 
240110 
240130 
240134 
240135 
240143 
240144 
240147 
240175 
240306 
240341 
240349 
240380 
240387 
240398 
240426 
240453 
240472 
240477 
240479 
240482 
240491 
240495 
240501 
240508 
240516 
240518 
240530 
240533 
240541 
240544 
240556 
240574 
240582 
240586 
240623 
240624 
240629 
240683 
240744 
240745 
240751 
240752 
240773 
240806 
240836 
240848 
240852 
240856 
240857 
240863 
240869 
240870 
240875 
240890 
240912 
240941 
240953 
240969 
240976 
240978 
240979 
240986 
240996 
240998 
241018 
241036 
241043 
241047 
241077 
241081 
241102 
241103 
241106 
241127 
241139 
241184 
241239 
241343 
241366 
241508 
241529 
241632 
241710 
241771 
241777 
241822 
241859 
241870 
241873 
241876 
241880 
241985 
242070 
242074 
242112 
242117 
242122 
242157 
242172 
242242 
242249 
242259 
242281 
242283 
242308 
242312 
242313 
242327 
242328 
242338 
242409 
242414 
242445 
242467 
242469 
242489 
242497 
242507 
242520 
242528 
242533 
242545 
242546 
242555 
242568 
242578 
242602 
242612 
242624 
242627 
242629 
242639 
242653 
242665 
242668 
242676 
242693 
242699 
242710 
242725 
242737 
242751 
242776 
242806 
242811 
242815 
242829 
242836 
242837 
242846 
242898 
242916 
242918 
242942 
242998 
243060 
243075 
243086 
243089 
243212 
243295 
243300 
243355 
243380 
243389 
243403 
243490 
243501 
243556 
243575 
243577 
243591 
243598 
243609 
243699 
243799 
243802 
243851 
243855 
243890 
243925 
243926 
243928 
243938 
243953 
243986 
243989 
244009 
244025 
244028 
244033 
244034 
244038 
244097 
244098 
244115 
244135 
244139 
244153 
244178 
244217 
244220 
244255 
244265 
244278 
244279 
244285 
244305 
244316 
244324 
244325 
244345 
244353 
244354 
244360 
244387 
244388 
244442 
244446 
244465 
244506 
244590 
244594 
244613 
244624 
244642 
244658 
244660 
244747 
244748 
244750 
244758 
244852 
244871 
244945 
244948 
245069 
245099 
245108 
245131 
245133 
245162 
245163 
245182 
245185 
245194 
245216 
245220 
245224 
245244 
245268 
245269 
245275 
245276 
245283 
245291 
245296 
245297 
245427 
245477 
245569 
245594 
245597 
245599 
245643 
245655 
245658 
245689 
245693 
245716 
245720 
245722 
245723 
245738 
245836 
245848 
245854 
245878 
245894 
245895 
245896 
245899 
245914 
245917 
245925 
245926 
245946 
245952 
245959 
245961 
245980 
245984 
245985 
245988 
246002 
246003 
246016 
246038 
246052 
246056 
246069 
246093 
246113 
246122 
246180 
246185 
246186 
246195 
246199 
246200 
246210 
246237 
246238 
246246 
246247 
246258 
246261 
246275 
246281 
246283 
246312 
246317 
246337 
246352 
246354 
246361 
246371 
246383 
246471 
246479 
246486 
246488 
246625 
246626 
246787 
246797 
246877 
246895 
246897 
246924 
246929 
246945 
246954 
246957 
246967 
246975 
246988 
247009 
247011 
247022 
247026 
247195 
247196 
247201 
247221 
247245 
247251 
247320 
247323 
247340 
247350 
247382 
247390 
247391 
247430 
247462 
247464 
247465 
247473 
247474 
247489 
247498 
247540 
247593 
247597 
247604 
247627 
247628 
247633 
247643 
247644 
247656 
247663 
247666 
247676 
247677 
247701 
247702 
247715 
247723 
247731 
247737 
247747 
247749 
247752 
247778 
247815 
247854 
247884 
247898 
247904 
247924 
247925 
247926 
247932 
247933 
247934 
247958 
247972 
247975 
247976 
247981 
248002 
248050 
248066 
248087 
248094 
248098 
248112 
248217 
248224 
248228 
248234 
248240 
248253 
248409 
248442 
248510 
248530 
248541 
248559 
248654 
248666 
248721 
248741 
248744 
248749 
248760 
248776 
248783 
248793 
248797 
248810 
248817 
248987 
249020 
249028 
249051 
249088 
249103 
249105 
249106 
249123 
249124 
249137 
249147 
249187 
249196 
249216 
249219 
249221 
249237 
249246 
249328 
249329 
249374 
249379 
249385 
249386 
249387 
249441 
249454 
249479 
249483 
249490 
249510 
249517 
249526 
249541 
249544 
249546 
249550 
249561 
249620 
249621 
249628 
249637 
249643 
249644 
249659 
249679 
249702 
249718 
249737 
249740 
249742 
249747 
249748 
249750 
249764 
249780 
249781 
249784 
249790 
249798 
249800 
249866 
249873 
249901 
249911 
249937 
249971 
249979 
495387 
495581 
495872 
495986 
496109 
496162 
496198 
496441 
497082 
498728 
499544 
499895 
500108 
501563 
502366 
502901 
533983 
533984 
533995 
533997 
533999 
546070 
546305 
580276 
580675 
580825 
587548 
590166 
590299 
596894 
599799 
601688 
604394 
604395 
604438 
609141 
619230 
625819 
626489 
628747 
630690 
633444 
638604 
642803 
642983 
647853 
652684 
653010 
662681 
664660 
672651 
680319 
688748 
691483 
691588 
701575 
704703 
706263 
715835 
720933 
730495 
735733 
742190 
744915 
749896 
750457 
751894 
754873 
754874 
755200 
766422 
769141 
769198 
776044 
779166 
780933 
781631 
793493 
793853 
793930 
798492 
803454 
803488 
808073 
808091 
815396 
820495 
822559 
822815 
822970 
827476 
827647 
842030 
842120 
842149 
849009 
851753 
856651 
856655 
866334 
871208 
873208 
877965 
878689 
880702 
881046 
888801 
890136 
899860 
900131 
900173 
904527 
905029 
906821 
909791 
912255 
917122 
921067 
928988 
933521 
943360 
948207 
950394 
962938 
967547 
972879 
974663 
977548 
980644 
984245 
986958 
986968 
986982 
991826 
991977 
994016 
1001683 
1008602 
1016393 
1016491 
1020856 
1020887 
1023011 
1025970 
1026177 
1031020 
1037653 
1045396 
1049957 
1049981 
1050112 
1054779 
1054791 
1054800 
1054802 
1056934 
1059830 
1064410 
1064763 
1069904 
1074067 
1086296 
1088714 
1090713 
1095346 
1098214 
1098265 
1102928 
1107760 
1108480 
